59300
2.23935103
0.501043975
-22.0368252
30200
1.66521001
3.44024205
-21.2756195
51690
1.66702998
3.44166803
-21.5342121
26260
1.67151403
3.43906093
-20.8926544
35190
1.66692698
3.43105507
-21.1418972
57610
1.67926598
3.85475302
-21.7564774
58300
1.66470098
3.84511304
-22.1254253
61090
1.68302703
3.87498403
-22.2893734
21780
2.25665402
5.71604013
-20.6940975
27100
2.26006007
0.99575901
-20.1451874
28640
2.25771499
1.01708996
-21.1027985
45160
2.2522161
5.90483284
-21.5408077
27370
2.26233506
6.08447313
-20.758049
21910
2.30355501
0.721660018
-19.8176746
14470
2.30009508
0.759411991
-18.7689095
60960
2.24470711
0.638705015
-21.9841709
57450
2.25488901
0.64499402
-22.3597202
56890
2.25355792
0.646380007
-21.7759323
61060
2.25893903
0.633506
-21.8581734
48260
2.30342507
0.889054
-21.1093616
54330
2.261801
0.661710978
-21.9143925
57710
2.26015496
0.661657989
-21.9406929
59610
2.25181508
0.656827986
-22.4095306
29810
1.62795401
3.51615095
-20.9554863
62070
1.67521703
2.72035909
-21.9982758
39590
1.68261194
3.14378405
-20.9287605
54920
1.63074601
3.39481306
-22.0005207
38620
1.68331802
3.66292596
-21.1002827
54610
1.63460696
3.43572998
-22.7668247
42900
1.632707
3.43214798
-21.7187481
18830
1.62532699
3.27686095
-20.5531425
50730
1.61789
3.31300712
-21.7591114
11020
1.61774397
3.93483305
-19.089571
46760
2.24229193
5.50569296
-22.3638535
46670
2.35092092
5.73510599
-21.7092514
71570
2.36862612
0.124210998
-22.218998
58240
2.36597896
0.67640698
-22.0329189
56880
2.36537099
0.673862994
-22.025507
65020
2.36374807
0.660835981
-22.0321064
62320
2.35800195
0.161015004
-22.3681126
47380
2.34368205
0.824440002
-21.5253296
65010
2.35674906
0.823188007
-22.3817291
22560
2.34546399
0.854804993
-19.9544239
24420
2.36876702
0.859854996
-19.8557625
59870
2.35632801
0.830649972
-22.3301411
13810
1.66985297
3.70114207
-19.0141258
44110
1.68665695
3.38309097
-21.1648178
23230
1.66310096
3.72813201
-20.0713329
45450
1.67477703
3.73207903
-21.3160591
46900
1.68736398
3.70779705
-21.6509933
45900
1.67771697
3.74830699
-21.6095486
24040
1.66379094
3.17628288
-21.0098095
32410
1.62720501
3.54583502
-20.539753
52530
1.62539601
3.54819608
-21.5830498
45080
1.66671205
3.52911401
-21.5365849
44370
1.68475902
3.90365791
-21.4687977
16599
2.26220012
5.55085421
-21.1379185
48652
2.24480009
6.19961405
-21.068737
32604
2.24200797
6.17315578
-22.2936554
24839
2.26195908
0.373831987
-19.4247913
19952
2.25197291
5.67255592
-20.184515
16243
2.24775195
5.67093277
-20.9590168
38220
2.34520698
6.26330423
-20.9857693
46317
2.36785102
6.24975777
-21.3911247
59826
2.36163497
6.23796701
-21.7683487
40294
2.248101
0.412537009
-20.880373
78736
2.25449395
0.409669995
-22.2867413
19693
2.24261403
0.867175996
-20.8048286
50617
2.23886204
0.857749999
-21.6937523
40026
2.24762988
0.855183005
-20.964613
76489
2.25162101
5.77355909
-22.164362
57561
2.2627511
5.751019
-21.8944092
30461
2.26024199
6.26919222
-20.2155819
39994
2.25905991
0.517965972
-22.0727253
45659
2.249511
5.79590178
-20.9769955
52940
2.2469151
0.0537110008
-22.271801
37720
2.24807
0.0551799983
-21.6747894
61179
2.24844694
0.614256024
-21.6729298
11604
2.2508769
0.603864014
-19.5747471
61248
2.25370598
0.611437023
-21.715683
28749
2.25672102
1.03940296
-20.1515808
14266
2.25848389
1.03878403
-19.8270245
52211
2.2562089
5.94347191
-21.5383701
61279
2.24312806
5.91995716
-22.2069206
45570
2.25211906
5.92764091
-21.1723442
19420
2.25410199
0.162018999
-19.9831333
18898
2.25680304
0.162352994
-20.4213161
30518
2.25921202
0.178140998
-20.9899197
36435
2.24402905
0.159039006
-21.6133785
19766
2.25390792
0.162414998
-20.5432339
18733
2.25743508
0.157260999
-21.1114349
39811
2.26360202
0.157221004
-20.8618984
48063
2.2414639
0.712195992
-21.2795677
61930
2.24903297
0.707983017
-22.452755
60540
2.25582099
0.678152025
-21.7372913
20915
2.25753808
0.693432987
-19.1817379
14661
2.23904395
1.09006906
-20.7283688
16994
2.24931097
1.06893802
-21.1210079
44081
2.26326394
1.08949602
-20.8932552
49702
2.25504994
0.228267998
-21.7599392
20777
2.26012397
0.748759985
-20.6966667
51779
2.25148392
1.11499095
-21.6383553
41931
2.24610901
1.13692105
-20.8545799
47366
2.24177194
1.11048603
-21.6846237
46672
2.24982095
1.10801005
-21.0693531
47704
2.25967693
1.11272204
-21.1216278
15478
2.25920296
1.10729897
-18.5103321
15144
2.25986004
1.10760403
-19.021244
43588
2.25036693
6.01847792
-21.7165222
58127
2.26269507
6.0088048
-22.0481968
52208
2.24838495
5.99553919
-21.4682331
44858
2.25889802
6.00355816
-21.7048283
56081
2.2626071
0.258846015
-21.4611893
54478
2.26012611
0.262834013
-21.4309711
28877
2.242033
0.781696975
-22.3018589
14608
2.30228591
1.06049502
-19.9802322
39147
1.62154102
2.71184993
-21.4322224
18557
1.61760998
2.6922121
-21.2300415
14547
1.61562598
2.68996406
-20.3008308
39499
1.62113404
2.78322911
-21.4533329
43896
1.62676799
2.783324
-20.8832569
14127
1.62388301
2.77965808
-19.2650471
18318
1.62817001
3.04296303
-21.4206772
41749
1.62797904
3.04151297
-20.9642754
14588
1.62584603
3.0340209
-20.9171543
18248
1.62941599
3.85973191
-19.4320068
17326
1.63568103
3.83919096
-19.72472
48526
1.61373305
2.81031799
-21.7625256
40311
1.66960895
3.06129503
-20.9213696
44674
1.66779196
3.06069803
-21.3450451
40521
1.67782795
3.06809402
-21.3936462
56016
1.67597604
3.06777692
-21.6283798
28179
1.61100602
3.5658071
-20.215292
16111
1.634058
3.55626798
-20.6906204
24988
1.62839198
3.86934304
-20.1185207
47473
1.61157703
2.82765698
-21.1400185
45344
1.63348806
2.84194899
-21.5804939
14608
1.62350094
3.06754208
-20.1302319
26973
1.61707604
3.59781194
-19.6943569
22587
1.61276305
3.6237309
-20.5371552
34131
1.61587703
2.9482789
-20.2304401
24695
1.62735295
2.93000007
-19.9514503
24410
1.61051702
3.12224698
-21.5348225
13844
1.622365
3.1179409
-20.5196419
39497
1.62914205
3.12010002
-20.8332119
35614
1.61343896
3.64075089
-21.1499443
14977
1.612396
3.64951301
-20.726305
10742
1.61130798
3.631989
-20.422636
44916
1.63227701
3.63327789
-22.1879063
14144
1.63452101
3.144907
-20.5377445
47865
1.62994599
3.66661501
-21.3796883
27411
1.62953806
3.17782688
-20.1515007
14476
2.24793506
5.84266901
-20.7898407
12014
2.25321603
5.83335018
-19.2922821
41570
2.2515049
5.82732391
-21.0041027
42576
2.25012302
5.82377005
-21.0107632
43092
2.25395799
5.828578
-20.9393444
47225
2.26163101
5.82287598
-21.1674957
47068
2.26049805
5.81895304
-21.7095375
26383
2.31013989
0.281071007
-20.3234119
15982
2.31201005
0.279098004
-19.3525028
44457
2.29991102
0.249792993
-21.623457
29595
2.30824304
0.263348013
-20.5587139
31859
2.26394701
5.59632492
-21.3098392
39337
2.24962902
6.11860704
-21.2836399
27142
2.24984288
0.333362013
-19.9287567
41686
2.26031208
0.35274601
-21.6406994
52618
2.26358604
0.336488992
-21.1970863
15666
2.34999704
5.88270283
-20.3375149
17261
2.36194491
5.88322783
-19.3462257
27881
2.3679049
5.86714697
-21.3807373
16289
2.30833411
0.304021001
-20.5553932
37088
2.30848289
0.316778004
-21.5250778
9940
2.29717398
0.304058999
-19.9599457
24228
2.30385709
0.28215301
-19.9476624
9915
2.31155109
0.286330998
-20.0243473
37104
2.31196594
0.286563993
-20.5260906
66311
2.30987597
0.63596499
-21.6604557
18888
2.29509711
5.61579084
-19.9101162
42373
2.31019402
5.61128902
-21.0194302
50729
2.34749699
5.90742016
-21.2590637
34314
2.36602402
5.91966677
-21.1429367
17021
2.3636179
5.88843918
-20.2545948
44982
2.30910802
0.338254005
-20.921402
9211
2.3132031
0.348661989
-19.8607235
36885
2.30023193
0.320481986
-21.7421875
37114
2.30094409
0.319523007
-22.366724
16936
2.3086679
0.334708005
-20.5932884
19718
2.3086071
0.331820995
-20.4477119
37154
2.30519009
0.331730008
-21.1492558
18897
2.31148696
0.32852
-20.1811962
42507
2.30160093
0.690800011
-20.7869167
21286
2.29782104
0.677264988
-20.6217918
40722
2.25855803
5.61482286
-20.9753418
40442
2.26220202
5.60499907
-21.4790344
37723
2.29416704
5.96672201
-20.9749775
32548
2.29889703
5.95872784
-21.5496502
39595
2.30380607
5.96991014
-21.7890587
58769
2.31370592
5.96941423
-21.634922
38402
2.3076961
5.96568918
-20.5469532
20403
2.3129909
5.95718384
-21.5853348
29080
2.31340599
0.444907993
-20.6680679
39078
2.29914093
0.43799299
-20.6980648
23345
2.30038404
0.429928005
-20.5226307
22868
2.30925703
0.43531701
-21.795414
17527
2.31210208
0.437200993
-20.8307915
45790
2.29369593
0.795928001
-20.8838272
52958
2.3036139
0.777478993
-21.142622
51423
2.31547499
0.784231007
-21.2517471
19000
2.31325698
5.63248396
-19.1235218
43085
2.23886299
5.98560381
-21.2189598
31294
2.24147391
5.98597813
-21.1482334
21965
2.29267311
0.48377201
-20.9333954
17112
2.30176806
0.834496021
-21.1666374
19043
2.31258702
0.830308974
-19.6886501
19419
2.31322503
0.833115995
-19.8030148
42229
2.29854012
0.808817983
-21.3613605
18678
2.31299901
0.830298007
-20.2547684
19295
2.31331301
0.830281973
-21.3884754
20011
2.31366301
0.824917972
-19.9612255
53751
2.29457498
6.00410795
-21.8785
37202
2.30042505
6.0049572
-20.8422871
17222
2.31360292
5.99168396
-20.341114
37235
2.29916501
5.99247599
-21.5443707
16718
2.30907798
5.99162483
-20.5740395
56754
2.30890393
5.98458481
-21.5101242
39666
2.3124299
5.97572899
-21.363287
36855
2.29330611
0.528596997
-22.2902775
58862
2.29551101
0.52264899
-21.5487709
18667
2.25089502
0.931949019
-20.0134335
18665
2.24910092
0.929758012
-20.6931915
22039
2.26287794
0.943078995
-21.0610695
50170
2.29271793
5.81792021
-21.6424389
35223
2.30618405
5.81639719
-20.9740925
16174
2.25616598
6.14351797
-20.6194191
46007
2.25898004
6.14533186
-20.9251003
46047
2.25853205
6.15591192
-21.0371742
17051
2.26162791
6.14263678
-19.6585712
16185
2.25000596
6.13513803
-20.5209522
16107
2.26364589
6.13913107
-20.4700603
54021
2.31500697
0.622745991
-21.6106071
42100
2.31034708
1.11229599
-21.0641098
45453
2.31470299
1.114169
-21.6362171
20155
2.31153011
1.09504104
-20.0975227
16773
2.31427002
1.09757197
-19.4714546
15312
1.78776002
2.64659905
-20.0660648
49097
1.792472
2.63386202
-21.7305603
31237
1.77355897
2.97693491
-20.5039978
28846
1.78164995
2.98561406
-21.2493725
21810
1.78585398
2.97936702
-21.2672386
37550
1.783463
2.97784805
-20.734169
17618
1.77529502
2.67075801
-20.8725014
54798
1.78797901
2.66604304
-21.4351387
43484
1.77536905
2.97033811
-21.2908478
28380
1.78192902
2.96109009
-19.8517151
40176
1.78019702
2.96817493
-21.8234463
32992
1.78616905
2.97150707
-21.401226
35173
1.77525401
2.95205402
-20.6507664
28189
1.78203905
2.95725298
-19.8261108
37025
1.7852
2.95111489
-21.5110836
28602
1.77893698
3.31525993
-20.3297272
28828
1.77763402
3.30834007
-21.4679298
25298
1.66847098
2.64154506
-20.9368382
18226
1.67747796
2.63667011
-21.3392735
18280
1.67525399
2.63516688
-19.7759743
18624
1.68164599
2.63903904
-20.9482079
35077
1.61096799
2.97561002
-20.8243694
42897
1.618191
2.98743892
-22.4985809
28328
1.62158799
2.97488999
-20.4974766
17593
1.782166
3.37072396
-19.8392906
3734
1.78597796
3.36897206
-17.581007
17488
1.78672004
3.37340093
-20.7157555
39961
1.61791301
3.72613502
-20.7407761
9576
1.62703705
3.71897697
-19.8070259
29738
1.631163
3.72316098
-21.6998825
43138
1.62078094
3.70711303
-21.051878
27245
1.63309002
3.70898509
-20.0674896
16305
1.66352296
2.67434692
-20.5376072
48662
1.66983604
2.66973305
-21.6192303
38900
1.77464402
3.07117605
-21.2773018
22467
1.77488899
3.06249404
-21.0849857
13751
1.77587998
3.41175294
-19.9345245
39128
1.78573406
3.40300107
-21.471077
16855
1.61947596
3.75083995
-20.6924629
18501
1.62366605
2.65514803
-20.9331932
12590
1.61126196
2.65116501
-20.2669659
18349
1.61083806
2.65049601
-20.8045063
49201
1.77883101
3.094841
-21.9156322
49576
1.78849602
3.09965301
-22.3138466
47011
1.78118002
3.08677793
-21.5366421
46762
1.78203702
3.0871129
-21.6839561
37106
1.787323
3.09217191
-21.4962158
14258
1.78692603
3.49589396
-20.5857658
29802
1.78586102
3.48396897
-21.8348637
14213
1.61642504
2.68490195
-19.9986687
49018
1.632918
2.67992592
-21.3066998
12801
1.61535501
2.66176701
-19.7541523
18071
1.62295902
2.67785001
-20.9699402
12179
1.62754095
2.66273808
-19.9127598
6971
1.77914095
3.50813198
-18.9438496
6548
1.77894402
3.50282001
-18.2156773
6758
1.78199303
3.50425696
-18.015337
27910
1.79005206
3.51490092
-19.8431377
10741
1.62173402
2.73829198
-20.042429
11419
1.62141097
2.73869205
-18.4188843
40712
1.62006402
2.73888206
-21.3747616
38166
1.62342
2.73546505
-21.8724442
9086
1.63123906
2.7357161
-18.6403961
18121
1.61763597
2.71634793
-21.1361942
18298
1.618294
2.71424794
-19.7282028
9160
1.62399006
2.72530794
-19.3983994
44008
1.61775506
3.02300096
-20.9193134
29851
1.61686301
3.02550793
-20.348671
34918
1.62952697
3.01866794
-21.8737392
42886
1.62595904
3.01038504
-20.9579735
18522
1.63180196
2.99914598
-20.6557636
15718
1.63297701
3.01133704
-19.4649773
7458
1.61400402
3.24986911
-19.3930626
19904
1.62931597
3.25168705
-19.4490414
33784
1.62037206
3.23677206
-20.7565746
34165
1.62026703
3.23642707
-20.7827682
35576
1.61942101
3.23642492
-21.4474449
37603
1.63291705
3.2444849
-21.2974854
24036
1.63068902
3.24136806
-21.4294281
42187
1.61754501
3.76117396
-21.6290035
12060
1.62913799
3.77403092
-19.9208183
16044
1.62375498
3.77348495
-20.3312283
46877
1.76910603
2.74757504
-21.6998234
36110
1.780339
2.7478261
-21.1423626
39772
1.781533
2.74538803
-20.8795853
8798
1.787359
2.74854493
-17.7189388
55546
1.78719199
2.74576092
-21.3679619
22194
1.79217303
2.74826598
-20.6970692
39570
1.77524698
3.1852529
-21.2475681
39547
1.77978599
3.188519
-21.5761967
30877
1.77746201
3.18501806
-20.6870689
31243
1.77729201
3.18443298
-21.4744434
25785
1.76859903
3.59103203
-21.4406605
53332
1.775316
3.6022191
-21.4596043
42356
1.771299
3.58190703
-21.0784779
15436
1.77698898
3.57789707
-20.1942158
14743
1.78723705
3.58291698
-19.830904
53482
1.78372097
3.57922101
-21.6763859
32828
1.79068601
3.5916121
-20.5996113
28695
1.76884198
3.90798807
-20.3472347
10142
1.77105403
3.91014099
-20.0346909
42140
1.77320004
3.9060061
-21.7763615
19452
1.79201102
3.90288901
-20.07687
19473
1.77505004
2.77466393
-21.079319
24004
1.77037501
2.77561498
-19.6063747
32456
1.61232305
3.19632101
-20.5030575
32467
1.62168097
3.20535398
-21.4438457
17402
1.62144005
3.18855309
-20.8446121
53401
1.62835205
3.19327497
-22.4627247
53928
1.62833798
3.1926589
-21.2964439
49806
1.62643898
3.19255996
-21.3149548
50166
1.63026595
3.18862391
-21.3622494
50853
1.63145399
3.18686199
-21.2349358
25702
1.77719295
3.6231761
-21.2632484
47592
1.77838397
3.6305089
-21.6160049
25223
1.77436197
3.60974693
-22.0400162
17661
1.77199304
4.01716995
-20.6080132
17713
1.77145898
4.01749802
-20.4646645
44364
1.77943802
4.01184511
-20.788475
46871
1.77566195
4.01962519
-20.7595158
38781
1.76902902
3.99931908
-20.460083
43943
1.78506601
4.0007782
-20.7558002
33643
1.61599696
3.22471499
-20.5468102
37393
1.61948097
3.21241212
-21.2443218
36320
1.62298298
3.21712208
-21.7259617
31182
1.63585699
3.21434999
-20.8899021
48724
1.77387404
3.69849205
-21.1422787
30012
1.77184701
3.70314598
-20.2011395
15632
1.782601
3.69081807
-20.2926216
36715
1.78420401
3.69590497
-20.8213425
36479
1.78591502
3.68621302
-21.0062084
36774
1.78484595
3.68320489
-21.0951118
16366
1.77700305
4.04427481
-19.8660278
10555
1.77816701
2.89756489
-19.3935242
48107
1.78398204
3.27863789
-21.8217583
48683
1.78917098
3.28517699
-21.0202637
30454
1.78024197
3.26865602
-21.2950478
20587
1.78660095
3.2700901
-20.1557579
47311
1.78868699
3.26749802
-20.9518452
30579
1.77283394
3.72727394
-20.6845551
37374
1.78507996
3.7231071
-20.6931267
36374
1.61884904
4.02613497
-20.9894466
42636
1.620718
4.02150297
-20.7541027
42842
2.305305
5.54199791
-21.1755371
33580
2.30488396
5.52545691
-21.9624348
49477
2.30742097
5.52342892
-21.9790516
50319
2.30617499
5.52116823
-21.8595638
16489
2.307868
5.51609612
-20.4429188
56714
2.30879498
5.51907587
-21.5184135
26183
2.30657792
6.10363197
-19.9858971
26835
2.30763197
6.10405588
-20.9525375
26678
2.30895996
6.10549688
-20.2690182
15675
2.31321812
6.09078789
-19.3288078
28756
2.31642389
6.10581779
-20.5821457
17103
2.30495906
6.09916306
-20.0254498
17083
2.30727911
6.09737301
-19.1528053
16333
2.311414
6.09283113
-19.2614765
16184
2.31293106
6.08717012
-18.6708126
9104
2.3568449
5.51465178
-19.4647884
29509
2.35062504
5.5193119
-21.121973
8566
2.35642505
5.50855303
-18.8396873
42176
2.36848307
5.51416683
-20.9683838
29699
2.31135607
6.05338717
-21.4168396
53033
2.30915594
6.03839493
-21.3860359
47069
2.31354189
6.05290222
-21.0695877
36898
2.34450006
0.354414999
-20.3930168
27307
2.35429907
0.353029013
-22.3527317
7021
2.3460989
0.340097994
-19.0596333
9425
2.34877396
0.344574004
-19.9217205
27841
2.36290598
5.56102896
-20.8274212
15287
2.35324097
5.54724693
-19.2223854
31271
2.35206699
5.54431915
-20.876524
19895
2.36833692
5.55987215
-19.7980137
15828
2.31279707
6.1942358
-20.8406868
49355
2.29147911
6.19427204
-21.4031296
48916
2.35916996
0.407272011
-21.7717056
47773
2.36506701
0.396499008
-21.0150852
48994
2.36011505
0.374242008
-21.4455242
26928
2.36610389
0.383424997
-21.6705093
39572
2.29657292
5.68805599
-22.2076893
21440
2.30460811
5.674685
-21.8082199
60562
2.30716205
5.65762901
-21.8381767
61438
2.35576797
0.443388999
-22.3432541
39738
2.34885693
0.414294004
-20.6175652
50090
2.35477304
0.431338012
-21.3986073
39818
2.35445189
0.414386988
-21.4023132
49381
2.3572619
0.417627007
-22.1643925
50199
2.35759807
0.415789992
-21.6638279
50058
2.35798597
0.412306011
-21.237072
49294
2.35948801
0.411480993
-21.3601627
38374
2.30757308
0.857514024
-21.5152359
44765
2.30508804
0.876209021
-20.8598862
18789
2.30285096
0.869361997
-19.6182003
19371
2.30074191
0.858193994
-21.187397
19295
2.3070581
0.850696981
-20.2184772
44584
2.30766106
0.845766008
-20.9902458
24198
2.31532001
0.857815981
-20.5448227
18984
2.30837607
5.70905685
-20.9116116
16805
2.30771804
5.71767378
-19.5157547
16429
2.30755997
5.71805
-20.2846947
18853
2.31297898
5.7120018
-21.6059093
17736
2.30941296
5.69952011
-21.2475986
19303
2.31364298
5.70869493
-20.9794159
37283
2.29390001
0.00449799979
-20.5173969
15966
2.3053031
6.27871084
-20.4402447
37840
2.30696988
0.00294600008
-21.5822601
46766
2.30710411
0.00361600006
-21.6441593
47205
2.31617808
0.00280699995
-21.1864834
18439
2.29415298
6.25863504
-20.1755886
18287
2.29524589
6.25915098
-19.8468418
63694
2.36553907
0.529631019
-21.8515339
42914
2.34785008
0.516896009
-21.409523
20160
2.35208702
0.519931972
-20.9780884
46809
2.36595988
0.518206
-21.3063545
20337
2.23888302
0.921635985
-19.877964
19049
2.25366497
0.926418006
-19.1193657
19127
2.25394297
0.926437974
-19.278635
31372
2.25886011
0.918098986
-20.8540192
30906
2.26340389
0.918766975
-21.439249
30809
2.23972201
0.909780979
-21.3519497
18682
2.25254393
0.919367015
-19.9952564
32006
2.25707412
0.913025022
-20.9005508
31102
2.2558651
0.907895982
-20.8039341
47481
2.30592608
5.76069593
-21.5804214
57398
2.31154609
5.73706293
-21.97752
40206
2.31112289
5.73202801
-22.005209
35824
2.30683398
0.101572998
-20.7837219
45735
2.30855703
0.103165999
-21.2909603
15934
2.31210899
0.0926819965
-19.9357243
15774
2.31269789
0.093321003
-19.2829876
15677
2.31032395
0.0943289995
-19.709095
15669
2.31050992
0.0963639989
-20.1079464
52533
2.29188395
0.0740540028
-21.3431892
15988
2.30538392
0.0751660019
-21.1733475
28783
2.3027029
0.0704270005
-21.9043159
27360
2.29778004
0.0697870031
-20.9572048
28188
2.30463791
0.0693809986
-21.2360306
44619
2.30808806
0.0764390007
-21.902113
15724
2.31194711
0.0890939981
-20.3558369
28645
2.25516701
0.564204991
-19.8832016
51260
2.25909901
0.567564011
-21.3741074
47778
2.25268793
0.544628978
-21.0253353
41648
2.25846505
0.546813011
-21.3285408
47738
2.25532889
0.544335008
-21.5333328
18033
2.30764508
0.964199007
-20.6651745
17265
2.31020594
0.966488004
-20.7767487
18478
2.29778504
0.963744998
-20.8903751
18130
2.30019808
0.942982018
-20.0173168
39624
2.31259894
0.945133984
-20.9907856
20218
2.3033061
5.861063
-20.0046196
20110
2.30243301
5.86281395
-20.2924423
49551
2.31285191
5.84792089
-21.4626369
49157
2.31232691
5.84781504
-22.2334881
53243
2.31214595
0.128374994
-21.9455719
19830
2.3134129
0.123153001
-19.1505775
26071
2.36692095
0.575473011
-20.8160343
25403
2.35447693
0.553314984
-21.656353
47210
2.35476208
0.544227004
-21.1667366
34469
2.36654496
0.551847994
-21.5534706
16729
2.29656005
0.994413018
-20.1555252
31292
2.31095695
0.988335013
-20.3980846
40887
2.31326199
0.984636009
-20.7949047
49566
2.29266405
5.90049696
-21.3033619
50135
2.31482291
5.88923883
-21.5507622
46827
2.30659509
5.87809992
-21.2872734
49812
2.31305909
5.86538506
-21.5252457
46144
2.29618096
0.176627994
-21.0521965
36758
2.31021595
0.168282002
-20.9440899
37678
2.31567907
0.156881005
-21.31217
37722
2.31392002
0.157664001
-22.1449146
37939
2.31625009
0.158462003
-21.1184063
42154
2.305305
0.152252004
-20.9371471
19711
2.29898095
0.149263993
-20.2669048
37616
2.31577301
0.154859006
-21.888298
21083
2.31630397
0.151351005
-21.6099586
30139
2.35994697
0.618902028
-20.3209305
28617
2.35353398
0.599219978
-21.9709396
31498
2.36607909
0.589417994
-21.3333378
45068
2.29546905
1.04479897
-21.0259514
17979
2.29475188
1.03630698
-20.2883873
21830
2.3130641
1.02630997
-20.3393288
33769
2.2986269
5.92374802
-21.6055374
61682
2.30843091
5.9359169
-21.7629414
34972
2.31434011
5.92679691
-21.9673538
49657
2.29676795
5.90912294
-22.1877632
41752
2.34649706
0.271427989
-20.8944454
8961
2.36182404
0.267751992
-18.3696575
48077
2.36394095
0.715444982
-21.2402649
43607
2.35205102
0.681400001
-21.6475582
42583
2.29071498
1.14299595
-21.7611523
38666
2.31360102
1.14674199
-20.753088
42036
2.30167603
1.12083101
-21.6405048
43436
2.29973102
6.0343461
-21.2382259
41039
2.31431508
6.02496386
-21.5236797
36579
2.34597397
0.33900401
-20.2426319
31205
2.36348701
0.338928014
-21.1516151
44079
2.34764504
0.307042986
-21.7231483
44063
2.34815788
0.306695998
-20.9422836
9070
2.35111809
0.318632007
-18.6564846
26852
2.36512303
0.313787997
-21.3139973
25849
2.36596298
0.313275993
-21.3463612
9407
2.36802793
0.313151985
-19.6374741
46996
2.30463409
1.18182099
-21.5058804
46469
1.77402496
2.72257805
-21.698946
48671
1.77932405
2.724576
-21.3896713
39753
1.789078
3.1183331
-21.3884563
39387
1.78989804
3.11871791
-21.9066334
46542
1.79187405
3.12685299
-21.6326942
46368
1.79158998
3.12881589
-21.0937538
39570
1.78635597
3.11413503
-21.2375679
50924
1.78884101
3.11280489
-21.6082897
38755
1.77512002
2.81134009
-21.3085041
19590
1.77712095
2.80032611
-20.5929203
15340
1.78007805
2.79618502
-18.7701759
26513
1.78372502
2.79930997
-20.6547298
39472
1.78213894
3.13628006
-20.9017181
39529
1.78191996
3.13275909
-20.7551231
39154
1.77332199
3.54904294
-21.602644
48561
1.791471
3.85794997
-21.1342506
37251
1.76952803
2.83335996
-20.765379
52567
1.785604
2.84103394
-21.2147503
35650
1.78259397
2.84175396
-21.932312
36723
1.78987396
2.84067011
-20.2918549
20155
1.77806401
2.8274231
-20.5075226
42836
1.783337
2.83335805
-20.6752052
43069
1.78225505
2.83264494
-21.2780781
20461
1.79126799
3.2173841
-20.4717903
42957
1.78160596
3.56441092
-20.721899
35894
1.78361595
3.55679893
-20.338295
63410
1.79217803
3.88611388
-21.4505768
41121
1.78694296
3.87252808
-20.9284
22633
1.78183699
3.87042904
-21.0518055
36251
1.78849602
2.84956503
-21.2415009
46966
1.771384
3.25759101
-21.5543537
46915
1.77191401
3.25753593
-21.2017593
63682
1.77491796
3.24175501
-21.6410713
47410
1.77979398
3.64849496
-21.1568451
25673
1.77839506
3.64135098
-21.1206532
17602
1.78013003
3.63758206
-20.9404469
11517
1.78528595
3.63857007
-20.1179523
20934
1.79136503
3.64174008
-19.8138065
44457
1.77587402
3.96348596
-20.6134567
33013
1.774122
3.94880104
-20.6727104
45211
1.78793204
3.95380592
-20.7834969
51137
1.77396703
3.33303308
-21.5983276
33748
1.77649999
3.33983493
-21.2740841
14261
1.78428304
3.33330989
-19.2462387
41113
1.78794706
3.32363296
-20.8579407
27514
1.78581703
3.32919312
-21.2801533
14989
1.76834404
3.3177321
-20.7281055
28647
1.77702105
3.32539511
-19.8633633
27029
1.77521098
3.32320595
-21.6791382
28529
1.77708304
3.31941509
-21.6638184
11243
1.76898503
3.66134
-19.2742367
11506
1.76956499
3.66092801
-19.7758198
11690
1.77050102
3.657794
-19.531229
72574
1.77325296
3.6569941
-22.2235641
11055
1.77860904
3.6666739
-19.8566399
32715
1.76999402
3.97470307
-20.6615753
32614
1.77171004
3.97312093
-20.6043701
65427
1.787328
3.98263097
-21.9374428
36870
1.78631306
2.94039202
-21.5212326
14771
1.776389
3.34540892
-20.3951683
50450
1.79231095
3.34976602
-21.7058105
31071
1.78423202
3.02294302
-20.5916157
30864
1.78300595
3.00353098
-20.8960915
15385
1.77776897
3.44049096
-20.2967663
13866
1.780949
3.43924403
-20.2332039
41263
1.79029906
3.43731189
-21.5365562
31355
1.77747798
3.77319694
-21.3527584
49252
1.778054
3.04272294
-21.318119
35772
1.78375804
3.04147601
-20.9003181
41250
1.770491
3.45676088
-21.9658108
42408
2.3566401
5.57944202
-20.9913864
39034
2.36244392
5.97832394
-21.1254063
47132
2.36463904
5.98113108
-21.8427849
44819
2.3520391
5.96184301
-21.3127575
26916
2.35682201
5.96165609
-19.8494816
15644
2.36429501
5.95871496
-20.6743488
15564
2.36726999
5.96771479
-19.9928074
15582
2.36824989
5.96663523
-19.6654091
38693
2.34560108
0.0719740018
-21.2747307
26875
2.3548131
0.0706309974
-20.6059685
61192
2.36394811
0.0643640012
-22.4134502
18748
2.34735489
0.794057012
-19.8632488
40723
2.35760498
0.776153982
-21.0354004
48195
2.34905291
0.773066998
-22.046133
49428
2.35008097
0.772547007
-21.4066734
49081
2.3513751
0.759148002
-21.3797779
72401
2.36455297
0.779204011
-22.3376389
34763
2.36800289
0.771320999
-20.3533306
15361
2.3502059
6.01391077
-20.0432529
37193
2.36098504
6.00887203
-21.1017189
45102
2.34838104
0.175646007
-21.2177467
21279
2.34832597
5.66460419
-20.1610413
29961
2.3489759
5.66564083
-21.657196
10432
2.357059
5.68000412
-19.0074291
51482
2.36729908
5.6686101
-21.8645058
47588
2.36490798
5.67125177
-21.335804
33310
2.3663671
5.68147898
-21.3235989
30012
2.34490108
5.65344381
-19.8711395
50528
2.34923506
5.65128088
-21.4295216
48259
2.36558509
5.66745615
-21.2493114
48017
2.36859798
5.66673088
-20.9572754
48906
2.36568308
5.66631317
-21.3712158
47854
2.36418295
5.66509819
-21.4691391
47877
2.36830807
5.66341877
-21.1502895
42159
2.34718204
6.12732697
-21.1374283
49764
2.35321999
6.12852001
-21.0529308
52324
2.35658789
6.10013723
-21.1635799
44784
2.34839797
0.208188996
-20.9608974
19720
2.35211802
0.218746006
-20.8379421
23999
2.36820102
0.222192004
-20.7158985
12964
2.34447694
5.75390577
-19.8424721
41521
2.3480649
5.74773693
-21.4213104
53528
2.36048508
5.76125097
-21.3584614
15090
2.36122608
6.16762686
-19.7932072
50291
2.34868407
6.14024496
-21.4782257
43578
2.35107899
6.14005709
-20.8259792
30123
2.35348606
6.1398468
-21.1096992
35970
2.35175395
0.967164993
-21.1832542
35758
2.35464001
0.958115995
-20.8694
20070
2.35991693
0.932977021
-19.9279156
16030
2.35885406
5.81221819
-19.8992615
19093
2.36002707
5.80338097
-20.3245964
14505
2.35315704
6.18654108
-20.6243362
14932
2.35246992
6.18674278
-19.7795372
16278
2.34357309
6.17778921
-19.8838692
39317
2.34632897
6.17189312
-21.0724392
15169
2.3540349
6.18636703
-19.3949528
20648
2.35842109
6.17269993
-21.5124912
14619
2.36133599
6.17202616
-19.0919247
65143
2.351017
1.05105805
-21.8967514
30361
2.34624791
1.03849804
-21.2479534
12845
2.34457207
1.03540897
-20.7618313
21725
2.35039902
1.04285395
-20.6983299
13015
2.34991789
5.83074617
-19.5912647
14446
2.35067105
0.0205119997
-20.3351803
13365
2.3481319
0.0205029994
-19.9207001
13292
2.34966993
0.0206320006
-19.5884285
12356
2.34342694
6.28178501
-19.4150105
37463
2.35063004
0.00177900004
-20.6087151
11667
2.34764004
0.00121300004
-20.3068333
12229
2.3473959
2.99999992e-05
-20.1819172
61782
2.36115289
1.099774
-22.3169022
42085
2.35205197
1.08431101
-21.5732651
42258
2.3496871
1.07075298
-22.6029873
50991
2.36319709
5.95663309
-21.231451
36014
2.34653091
5.92776299
-21.1261196
20272
2.35872293
5.92815018
-20.010685
9720
2.35317898
5.92615891
-19.4201927
16542
2.34960508
0.0352399983
-20.3001575
40293
2.34703207
0.0560959987
-20.9003143
52838
2.34600592
0.0585179999
-22.1971493
40934
2.3616631
0.0396520011
-21.1376209
53231
2.35918593
0.0324749984
-21.7050285
52954
2.36288095
0.0443340018
-21.5924377
38926
2.34661388
1.12612903
-22.1388779
50658
2.34681106
1.12671697
-21.3156986
15828
2.35846591
1.13368499
-20.5506859
49474
2.35339904
1.13371599
-21.5389042
66849
2.35821199
1.13770199
-22.3403511
67911
2.35521507
1.14300597
-22.6192055
38251
2.36272693
1.12278402
-21.3576794
38470
2.36037898
1.12451506
-21.6011181
40833
2.36151099
1.12470305
-20.7917786
40781
2.35978603
1.12515104
-22.6487656
38347
2.36275411
1.127051
-21.5135784
40571
2.36185288
1.12859094
-21.7065601
18906
2.36253595
1.13143504
-20.1622753
39323
2.36471891
1.13018894
-20.9127979
39611
2.36484694
1.13524997
-20.7800121
38835
2.36438894
1.138677
-20.6333618
15927
2.36667299
1.14223695
-20.874733
41591
2.34999895
1.12423098
-21.9952984
14239
2.3466599
1.12174201
-20.4427719
14776
2.34397101
1.12031198
-20.4959278
24829
2.34788609
1.10946095
-20.8638687
46013
2.34932804
1.10690701
-21.3754139
16754
2.35293508
1.11512005
-20.5688953
40256
2.35577989
1.10740197
-20.9281445
40889
2.35615706
1.10665905
-21.8050194
40762
2.35626793
1.10624504
-20.9476643
40763
2.35945892
1.11991405
-20.8277206
63926
2.36190891
1.11653399
-22.7204494
65916
2.36213493
1.11620402
-22.1257534
48851
2.35907507
1.10868597
-21.7285194
15723
2.36399508
1.11462498
-19.9456921
40920
2.36369991
1.11194897
-21.5868111
20643
2.36587095
1.10739803
-19.5319405
