0.7
0.70006
0.70012
0.70018
0.70024
0.7003
0.70036
0.70042
0.70048
0.70054
0.7006
0.70066
0.70072
0.70078
0.70084
0.7009
0.70096
0.70102
0.70108
0.70114
0.7012
0.70126
0.70132
0.70138
0.701441
0.701501
0.701561
0.701621
0.701681
0.701741
0.701801
0.701861
0.701921
0.701981
0.702041
0.702101
0.702161
0.702221
0.702281
0.702341
0.702401
0.702461
0.702521
0.702581
0.702641
0.702701
0.702761
0.702821
0.702881
0.702941
0.703001
0.703061
0.703121
0.703181
0.703241
0.703301
0.703361
0.703421
0.703481
0.703541
0.703601
0.703661
0.703721
0.703781
0.703841
0.703901
0.703961
0.704021
0.704081
0.704141
0.704202
0.704262
0.704322
0.704382
0.704442
0.704502
0.704562
0.704622
0.704682
0.704742
0.704802
0.704862
0.704922
0.704982
0.705042
0.705102
0.705162
0.705222
0.705282
0.705342
0.705402
0.705462
0.705522
0.705582
0.705642
0.705702
0.705762
0.705822
0.705882
0.705942
0.706002
0.706062
0.706122
0.706182
0.706242
0.706302
0.706362
0.706422
0.706482
0.706542
0.706602
0.706662
0.706722
0.706782
0.706842
0.706903
0.706963
0.707023
0.707083
0.707143
0.707203
0.707263
0.707323
0.707383
0.707443
0.707503
0.707563
0.707623
0.707683
0.707743
0.707803
0.707863
0.707923
0.707983
0.708043
0.708103
0.708163
0.708223
0.708283
0.708343
0.708403
0.708463
0.708523
0.708583
0.708643
0.708703
0.708763
0.708823
0.708883
0.708943
0.709003
0.709063
0.709123
0.709183
0.709243
0.709303
0.709363
0.709423
0.709483
0.709543
0.709603
0.709664
0.709724
0.709784
0.709844
0.709904
0.709964
0.710024
0.710084
0.710144
0.710204
0.710264
0.710324
0.710384
0.710444
0.710504
0.710564
0.710624
0.710684
0.710744
0.710804
0.710864
0.710924
0.710984
0.711044
0.711104
0.711164
0.711224
0.711284
0.711344
0.711404
0.711464
0.711524
0.711584
0.711644
0.711704
0.711764
0.711824
0.711884
0.711944
0.712004
0.712064
0.712124
0.712184
0.712244
0.712304
0.712364
0.712425
0.712485
0.712545
0.712605
0.712665
0.712725
0.712785
0.712845
0.712905
0.712965
0.713025
0.713085
0.713145
0.713205
0.713265
0.713325
0.713385
0.713445
0.713505
0.713565
0.713625
0.713685
0.713745
0.713805
0.713865
0.713925
0.713985
0.714045
0.714105
0.714165
0.714225
0.714285
0.714345
0.714405
0.714465
0.714525
0.714585
0.714645
0.714705
0.714765
0.714825
0.714885
0.714945
0.715005
0.715065
0.715126
0.715186
0.715246
0.715306
0.715366
0.715426
0.715486
0.715546
0.715606
0.715666
0.715726
0.715786
0.715846
0.715906
0.715966
0.716026
0.716086
0.716146
0.716206
0.716266
0.716326
0.716386
0.716446
0.716506
0.716566
0.716626
0.716686
0.716746
0.716806
0.716866
0.716926
0.716986
0.717046
0.717106
0.717166
0.717226
0.717286
0.717346
0.717406
0.717466
0.717526
0.717586
0.717646
0.717706
0.717766
0.717826
0.717887
0.717947
0.718007
0.718067
0.718127
0.718187
0.718247
0.718307
0.718367
0.718427
0.718487
0.718547
0.718607
0.718667
0.718727
0.718787
0.718847
0.718907
0.718967
0.719027
0.719087
0.719147
0.719207
0.719267
0.719327
0.719387
0.719447
0.719507
0.719567
0.719627
0.719687
0.719747
0.719807
0.719867
0.719927
0.719987
0.720047
0.720107
0.720167
0.720227
0.720287
0.720347
0.720407
0.720467
0.720527
0.720587
0.720648
0.720708
0.720768
0.720828
0.720888
0.720948
0.721008
0.721068
0.721128
0.721188
0.721248
0.721308
0.721368
0.721428
0.721488
0.721548
0.721608
0.721668
0.721728
0.721788
0.721848
0.721908
0.721968
0.722028
0.722088
0.722148
0.722208
0.722268
0.722328
0.722388
0.722448
0.722508
0.722568
0.722628
0.722688
0.722748
0.722808
0.722868
0.722928
0.722988
0.723048
0.723108
0.723168
0.723228
0.723288
0.723348
0.723409
0.723469
0.723529
0.723589
0.723649
0.723709
0.723769
0.723829
0.723889
0.723949
0.724009
0.724069
0.724129
0.724189
0.724249
0.724309
0.724369
0.724429
0.724489
0.724549
0.724609
0.724669
0.724729
0.724789
0.724849
0.724909
0.724969
0.725029
0.725089
0.725149
0.725209
0.725269
0.725329
0.725389
0.725449
0.725509
0.725569
0.725629
0.725689
0.725749
0.725809
0.725869
0.725929
0.725989
0.726049
0.72611
0.72617
0.72623
0.72629
0.72635
0.72641
0.72647
0.72653
0.72659
0.72665
0.72671
0.72677
0.72683
0.72689
0.72695
0.72701
0.72707
0.72713
0.72719
0.72725
0.72731
0.72737
0.72743
0.72749
0.72755
0.72761
0.72767
0.72773
0.72779
0.72785
0.72791
0.72797
0.72803
0.72809
0.72815
0.72821
0.72827
0.72833
0.72839
0.72845
0.72851
0.72857
0.72863
0.72869
0.72875
0.72881
0.728871
0.728931
0.728991
0.729051
0.729111
0.729171
0.729231
0.729291
0.729351
0.729411
0.729471
0.729531
0.729591
0.729651
0.729711
0.729771
0.729831
0.729891
0.729951
0.730011
0.730071
0.730131
0.730191
0.730251
0.730311
0.730371
0.730431
0.730491
0.730551
0.730611
0.730671
0.730731
0.730791
0.730851
0.730911
0.730971
0.731031
0.731091
0.731151
0.731211
0.731271
0.731331
0.731391
0.731451
0.731511
0.731571
0.731632
0.731692
0.731752
0.731812
0.731872
0.731932
0.731992
0.732052
0.732112
0.732172
0.732232
0.732292
0.732352
0.732412
0.732472
0.732532
0.732592
0.732652
0.732712
0.732772
0.732832
0.732892
0.732952
0.733012
0.733072
0.733132
0.733192
0.733252
0.733312
0.733372
0.733432
0.733492
0.733552
0.733612
0.733672
0.733732
0.733792
0.733852
0.733912
0.733972
0.734032
0.734092
0.734152
0.734212
0.734272
0.734333
0.734393
0.734453
0.734513
0.734573
0.734633
0.734693
0.734753
0.734813
0.734873
0.734933
0.734993
0.735053
0.735113
0.735173
0.735233
0.735293
0.735353
0.735413
0.735473
0.735533
0.735593
0.735653
0.735713
0.735773
0.735833
0.735893
0.735953
0.736013
0.736073
0.736133
0.736193
0.736253
0.736313
0.736373
0.736433
0.736493
0.736553
0.736613
0.736673
0.736733
0.736793
0.736853
0.736913
0.736973
0.737033
0.737094
0.737154
0.737214
0.737274
0.737334
0.737394
0.737454
0.737514
0.737574
0.737634
0.737694
0.737754
0.737814
0.737874
0.737934
0.737994
0.738054
0.738114
0.738174
0.738234
0.738294
0.738354
0.738414
0.738474
0.738534
0.738594
0.738654
0.738714
0.738774
0.738834
0.738894
0.738954
0.739014
0.739074
0.739134
0.739194
0.739254
0.739314
0.739374
0.739434
0.739494
0.739554
0.739614
0.739674
0.739734
0.739794
0.739855
0.739915
0.739975
0.740035
0.740095
0.740155
0.740215
0.740275
0.740335
0.740395
0.740455
0.740515
0.740575
0.740635
0.740695
0.740755
0.740815
0.740875
0.740935
0.740995
0.741055
0.741115
0.741175
0.741235
0.741295
0.741355
0.741415
0.741475
0.741535
0.741595
0.741655
0.741715
0.741775
0.741835
0.741895
0.741955
0.742015
0.742075
0.742135
0.742195
0.742255
0.742315
0.742375
0.742435
0.742495
0.742555
0.742616
0.742676
0.742736
0.742796
0.742856
0.742916
0.742976
0.743036
0.743096
0.743156
0.743216
0.743276
0.743336
0.743396
0.743456
0.743516
0.743576
0.743636
0.743696
0.743756
0.743816
0.743876
0.743936
0.743996
0.744056
0.744116
0.744176
0.744236
0.744296
0.744356
0.744416
0.744476
0.744536
0.744596
0.744656
0.744716
0.744776
0.744836
0.744896
0.744956
0.745016
0.745076
0.745136
0.745196
0.745256
0.745317
0.745377
0.745437
0.745497
0.745557
0.745617
0.745677
0.745737
0.745797
0.745857
0.745917
0.745977
0.746037
0.746097
0.746157
0.746217
0.746277
0.746337
0.746397
0.746457
0.746517
0.746577
0.746637
0.746697
0.746757
0.746817
0.746877
0.746937
0.746997
0.747057
0.747117
0.747177
0.747237
0.747297
0.747357
0.747417
0.747477
0.747537
0.747597
0.747657
0.747717
0.747777
0.747837
0.747897
0.747957
0.748017
0.748078
0.748138
0.748198
0.748258
0.748318
0.748378
0.748438
0.748498
0.748558
0.748618
0.748678
0.748738
0.748798
0.748858
0.748918
0.748978
0.749038
0.749098
0.749158
0.749218
0.749278
0.749338
0.749398
0.749458
0.749518
0.749578
0.749638
0.749698
0.749758
0.749818
0.749878
0.749938
0.749998
0.750058
0.750118
0.750178
0.750238
0.750298
0.750358
0.750418
0.750478
0.750538
0.750598
0.750658
0.750718
0.750778
0.750839
0.750899
0.750959
0.751019
0.751079
0.751139
0.751199
0.751259
0.751319
0.751379
0.751439
0.751499
0.751559
0.751619
0.751679
0.751739
0.751799
0.751859
0.751919
0.751979
0.752039
0.752099
0.752159
0.752219
0.752279
0.752339
0.752399
0.752459
0.752519
0.752579
0.752639
0.752699
0.752759
0.752819
0.752879
0.752939
0.752999
0.753059
0.753119
0.753179
0.753239
0.753299
0.753359
0.753419
0.753479
0.75354
0.7536
0.75366
0.75372
0.75378
0.75384
0.7539
0.75396
0.75402
0.75408
0.75414
0.7542
0.75426
0.75432
0.75438
0.75444
0.7545
0.75456
0.75462
0.75468
0.75474
0.7548
0.75486
0.75492
0.75498
0.75504
0.7551
0.75516
0.75522
0.75528
0.75534
0.7554
0.75546
0.75552
0.75558
0.75564
0.7557
0.75576
0.75582
0.75588
0.75594
0.756
0.75606
0.75612
0.75618
0.75624
0.756301
0.756361
0.756421
0.756481
0.756541
0.756601
0.756661
0.756721
0.756781
0.756841
0.756901
0.756961
0.757021
0.757081
0.757141
0.757201
0.757261
0.757321
0.757381
0.757441
0.757501
0.757561
0.757621
0.757681
0.757741
0.757801
0.757861
0.757921
0.757981
0.758041
0.758101
0.758161
0.758221
0.758281
0.758341
0.758401
0.758461
0.758521
0.758581
0.758641
0.758701
0.758761
0.758821
0.758881
0.758941
0.759001
0.759062
0.759122
0.759182
0.759242
0.759302
0.759362
0.759422
0.759482
0.759542
0.759602
0.759662
0.759722
0.759782
0.759842
0.759902
0.759962
0.760022
0.760082
0.760142
0.760202
0.760262
0.760322
0.760382
0.760442
0.760502
0.760562
0.760622
0.760682
0.760742
0.760802
0.760862
0.760922
0.760982
0.761042
0.761102
0.761162
0.761222
0.761282
0.761342
0.761402
0.761462
0.761522
0.761582
0.761642
0.761702
0.761762
0.761823
0.761883
0.761943
0.762003
0.762063
0.762123
0.762183
0.762243
0.762303
0.762363
0.762423
0.762483
0.762543
0.762603
0.762663
0.762723
0.762783
0.762843
0.762903
0.762963
0.763023
0.763083
0.763143
0.763203
0.763263
0.763323
0.763383
0.763443
0.763503
0.763563
0.763623
0.763683
0.763743
0.763803
0.763863
0.763923
0.763983
0.764043
0.764103
0.764163
0.764223
0.764283
0.764343
0.764403
0.764463
0.764524
0.764584
0.764644
0.764704
0.764764
0.764824
0.764884
0.764944
0.765004
0.765064
0.765124
0.765184
0.765244
0.765304
0.765364
0.765424
0.765484
0.765544
0.765604
0.765664
0.765724
0.765784
0.765844
0.765904
0.765964
0.766024
0.766084
0.766144
0.766204
0.766264
0.766324
0.766384
0.766444
0.766504
0.766564
0.766624
0.766684
0.766744
0.766804
0.766864
0.766924
0.766984
0.767044
0.767104
0.767164
0.767224
0.767285
0.767345
0.767405
0.767465
0.767525
0.767585
0.767645
0.767705
0.767765
0.767825
0.767885
0.767945
0.768005
0.768065
0.768125
0.768185
0.768245
0.768305
0.768365
0.768425
0.768485
0.768545
0.768605
0.768665
0.768725
0.768785
0.768845
0.768905
0.768965
0.769025
0.769085
0.769145
0.769205
0.769265
0.769325
0.769385
0.769445
0.769505
0.769565
0.769625
0.769685
0.769745
0.769805
0.769865
0.769925
0.769985
0.770046
0.770106
0.770166
0.770226
0.770286
0.770346
0.770406
0.770466
0.770526
0.770586
0.770646
0.770706
0.770766
0.770826
0.770886
0.770946
0.771006
0.771066
0.771126
0.771186
0.771246
0.771306
0.771366
0.771426
0.771486
0.771546
0.771606
0.771666
0.771726
0.771786
0.771846
0.771906
0.771966
0.772026
0.772086
0.772146
0.772206
0.772266
0.772326
0.772386
0.772446
0.772506
0.772566
0.772626
0.772686
0.772747
0.772807
0.772867
0.772927
0.772987
0.773047
0.773107
0.773167
0.773227
0.773287
0.773347
0.773407
0.773467
0.773527
0.773587
0.773647
0.773707
0.773767
0.773827
0.773887
0.773947
0.774007
0.774067
0.774127
0.774187
0.774247
0.774307
0.774367
0.774427
0.774487
0.774547
0.774607
0.774667
0.774727
0.774787
0.774847
0.774907
0.774967
0.775027
0.775087
0.775147
0.775207
0.775267
0.775327
0.775387
0.775447
0.775508
0.775568
0.775628
0.775688
0.775748
0.775808
0.775868
0.775928
0.775988
0.776048
0.776108
0.776168
0.776228
0.776288
0.776348
0.776408
0.776468
0.776528
0.776588
0.776648
0.776708
0.776768
0.776828
0.776888
0.776948
0.777008
0.777068
0.777128
0.777188
0.777248
0.777308
0.777368
0.777428
0.777488
0.777548
0.777608
0.777668
0.777728
0.777788
0.777848
0.777908
0.777968
0.778028
0.778088
0.778148
0.778208
0.778269
0.778329
0.778389
0.778449
0.778509
0.778569
0.778629
0.778689
0.778749
0.778809
0.778869
0.778929
0.778989
0.779049
0.779109
0.779169
0.779229
0.779289
0.779349
0.779409
0.779469
0.779529
0.779589
0.779649
0.779709
0.779769
0.779829
0.779889
0.779949
0.780009
0.780069
0.780129
0.780189
0.780249
0.780309
0.780369
0.780429
0.780489
0.780549
0.780609
0.780669
0.780729
0.780789
0.780849
0.780909
0.78097
0.78103
0.78109
0.78115
0.78121
0.78127
0.78133
0.78139
0.78145
0.78151
0.78157
0.78163
0.78169
0.78175
0.78181
0.78187
0.78193
0.78199
0.78205
0.78211
0.78217
0.78223
0.78229
0.78235
0.78241
0.78247
0.78253
0.78259
0.78265
0.78271
0.78277
0.78283
0.78289
0.78295
0.78301
0.78307
0.78313
0.78319
0.78325
0.78331
0.78337
0.78343
0.78349
0.78355
0.78361
0.78367
0.783731
0.783791
0.783851
0.783911
0.783971
0.784031
0.784091
0.784151
0.784211
0.784271
0.784331
0.784391
0.784451
0.784511
0.784571
0.784631
0.784691
0.784751
0.784811
0.784871
0.784931
0.784991
0.785051
0.785111
0.785171
0.785231
0.785291
0.785351
0.785411
0.785471
0.785531
0.785591
0.785651
0.785711
0.785771
0.785831
0.785891
0.785951
0.786011
0.786071
0.786131
0.786191
0.786251
0.786311
0.786371
0.786431
0.786492
0.786552
0.786612
0.786672
0.786732
0.786792
0.786852
0.786912
0.786972
0.787032
0.787092
0.787152
0.787212
0.787272
0.787332
0.787392
0.787452
0.787512
0.787572
0.787632
0.787692
0.787752
0.787812
0.787872
0.787932
0.787992
0.788052
0.788112
0.788172
0.788232
0.788292
0.788352
0.788412
0.788472
0.788532
0.788592
0.788652
0.788712
0.788772
0.788832
0.788892
0.788952
0.789012
0.789072
0.789132
0.789192
0.789253
0.789313
0.789373
0.789433
0.789493
0.789553
0.789613
0.789673
0.789733
0.789793
0.789853
0.789913
0.789973
0.790033
0.790093
0.790153
0.790213
0.790273
0.790333
0.790393
0.790453
0.790513
0.790573
0.790633
0.790693
0.790753
0.790813
0.790873
0.790933
0.790993
0.791053
0.791113
0.791173
0.791233
0.791293
0.791353
0.791413
0.791473
0.791533
0.791593
0.791653
0.791713
0.791773
0.791833
0.791893
0.791954
0.792014
0.792074
0.792134
0.792194
0.792254
0.792314
0.792374
0.792434
0.792494
0.792554
0.792614
0.792674
0.792734
0.792794
0.792854
0.792914
0.792974
0.793034
0.793094
0.793154
0.793214
0.793274
0.793334
0.793394
0.793454
0.793514
0.793574
0.793634
0.793694
0.793754
0.793814
0.793874
0.793934
0.793994
0.794054
0.794114
0.794174
0.794234
0.794294
0.794354
0.794414
0.794474
0.794534
0.794594
0.794654
0.794715
0.794775
0.794835
0.794895
0.794955
0.795015
0.795075
0.795135
0.795195
0.795255
0.795315
0.795375
0.795435
0.795495
0.795555
0.795615
0.795675
0.795735
0.795795
0.795855
0.795915
0.795975
0.796035
0.796095
0.796155
0.796215
0.796275
0.796335
0.796395
0.796455
0.796515
0.796575
0.796635
0.796695
0.796755
0.796815
0.796875
0.796935
0.796995
0.797055
0.797115
0.797175
0.797235
0.797295
0.797355
0.797415
0.797476
0.797536
0.797596
0.797656
0.797716
0.797776
0.797836
0.797896
0.797956
0.798016
0.798076
0.798136
0.798196
0.798256
0.798316
0.798376
0.798436
0.798496
0.798556
0.798616
0.798676
0.798736
0.798796
0.798856
0.798916
0.798976
0.799036
0.799096
0.799156
0.799216
0.799276
0.799336
0.799396
0.799456
0.799516
0.799576
0.799636
0.799696
0.799756
0.799816
0.799876
0.799936
0.799996
0.800056
0.800116
0.800177
0.800237
0.800297
0.800357
0.800417
0.800477
0.800537
0.800597
0.800657
0.800717
0.800777
0.800837
0.800897
0.800957
0.801017
0.801077
0.801137
0.801197
0.801257
0.801317
0.801377
0.801437
0.801497
0.801557
0.801617
0.801677
0.801737
0.801797
0.801857
0.801917
0.801977
0.802037
0.802097
0.802157
0.802217
0.802277
0.802337
0.802397
0.802457
0.802517
0.802577
0.802637
0.802697
0.802757
0.802817
0.802877
0.802938
0.802998
0.803058
0.803118
0.803178
0.803238
0.803298
0.803358
0.803418
0.803478
0.803538
0.803598
0.803658
0.803718
0.803778
0.803838
0.803898
0.803958
0.804018
0.804078
0.804138
0.804198
0.804258
0.804318
0.804378
0.804438
0.804498
0.804558
0.804618
0.804678
0.804738
0.804798
0.804858
0.804918
0.804978
0.805038
0.805098
0.805158
0.805218
0.805278
0.805338
0.805398
0.805458
0.805518
0.805578
0.805638
0.805699
0.805759
0.805819
0.805879
0.805939
0.805999
0.806059
0.806119
0.806179
0.806239
0.806299
0.806359
0.806419
0.806479
0.806539
0.806599
0.806659
0.806719
0.806779
0.806839
0.806899
0.806959
0.807019
0.807079
0.807139
0.807199
0.807259
0.807319
0.807379
0.807439
0.807499
0.807559
0.807619
0.807679
0.807739
0.807799
0.807859
0.807919
0.807979
0.808039
0.808099
0.808159
0.808219
0.808279
0.808339
0.808399
0.80846
0.80852
0.80858
0.80864
0.8087
0.80876
0.80882
0.80888
0.80894
0.809
0.80906
0.80912
0.80918
0.80924
0.8093
0.80936
0.80942
0.80948
0.80954
0.8096
0.80966
0.80972
0.80978
0.80984
0.8099
0.80996
0.81002
0.81008
0.81014
0.8102
0.81026
0.81032
0.81038
0.81044
0.8105
0.81056
0.81062
0.81068
0.81074
0.8108
0.81086
0.81092
0.81098
0.81104
0.8111
0.811161
0.811221
0.811281
0.811341
0.811401
0.811461
0.811521
0.811581
0.811641
0.811701
0.811761
0.811821
0.811881
0.811941
0.812001
0.812061
0.812121
0.812181
0.812241
0.812301
0.812361
0.812421
0.812481
0.812541
0.812601
0.812661
0.812721
0.812781
0.812841
0.812901
0.812961
0.813021
0.813081
0.813141
0.813201
0.813261
0.813321
0.813381
0.813441
0.813501
0.813561
0.813621
0.813681
0.813741
0.813801
0.813861
0.813922
0.813982
0.814042
0.814102
0.814162
0.814222
0.814282
0.814342
0.814402
0.814462
0.814522
0.814582
0.814642
0.814702
0.814762
0.814822
0.814882
0.814942
0.815002
0.815062
0.815122
0.815182
0.815242
0.815302
0.815362
0.815422
0.815482
0.815542
0.815602
0.815662
0.815722
0.815782
0.815842
0.815902
0.815962
0.816022
0.816082
0.816142
0.816202
0.816262
0.816322
0.816382
0.816442
0.816502
0.816562
0.816622
0.816683
0.816743
0.816803
0.816863
0.816923
0.816983
0.817043
0.817103
0.817163
0.817223
0.817283
0.817343
0.817403
0.817463
0.817523
0.817583
0.817643
0.817703
0.817763
0.817823
0.817883
0.817943
0.818003
0.818063
0.818123
0.818183
0.818243
0.818303
0.818363
0.818423
0.818483
0.818543
0.818603
0.818663
0.818723
0.818783
0.818843
0.818903
0.818963
0.819023
0.819083
0.819143
0.819203
0.819263
0.819323
0.819384
0.819444
0.819504
0.819564
0.819624
0.819684
0.819744
0.819804
0.819864
0.819924
0.819984
0.820044
0.820104
0.820164
0.820224
0.820284
0.820344
0.820404
0.820464
0.820524
0.820584
0.820644
0.820704
0.820764
0.820824
0.820884
0.820944
0.821004
0.821064
0.821124
0.821184
0.821244
0.821304
0.821364
0.821424
0.821484
0.821544
0.821604
0.821664
0.821724
0.821784
0.821844
0.821904
0.821964
0.822024
0.822084
0.822145
0.822205
0.822265
0.822325
0.822385
0.822445
0.822505
0.822565
0.822625
0.822685
0.822745
0.822805
0.822865
0.822925
0.822985
0.823045
0.823105
0.823165
0.823225
0.823285
0.823345
0.823405
0.823465
0.823525
0.823585
0.823645
0.823705
0.823765
0.823825
0.823885
0.823945
0.824005
0.824065
0.824125
0.824185
0.824245
0.824305
0.824365
0.824425
0.824485
0.824545
0.824605
0.824665
0.824725
0.824785
0.824845
0.824906
0.824966
0.825026
0.825086
0.825146
0.825206
0.825266
0.825326
0.825386
0.825446
0.825506
0.825566
0.825626
0.825686
0.825746
0.825806
0.825866
0.825926
0.825986
0.826046
0.826106
0.826166
0.826226
0.826286
0.826346
0.826406
0.826466
0.826526
0.826586
0.826646
0.826706
0.826766
0.826826
0.826886
0.826946
0.827006
0.827066
0.827126
0.827186
0.827246
0.827306
0.827366
0.827426
0.827486
0.827546
0.827606
0.827667
0.827727
0.827787
0.827847
0.827907
0.827967
0.828027
0.828087
0.828147
0.828207
0.828267
0.828327
0.828387
0.828447
0.828507
0.828567
0.828627
0.828687
0.828747
0.828807
0.828867
0.828927
0.828987
0.829047
0.829107
0.829167
0.829227
0.829287
0.829347
0.829407
0.829467
0.829527
0.829587
0.829647
0.829707
0.829767
0.829827
0.829887
0.829947
0.830007
0.830067
0.830127
0.830187
0.830247
0.830307
0.830368
0.830428
0.830488
0.830548
0.830608
0.830668
0.830728
0.830788
0.830848
0.830908
0.830968
0.831028
0.831088
0.831148
0.831208
0.831268
0.831328
0.831388
0.831448
0.831508
0.831568
0.831628
0.831688
0.831748
0.831808
0.831868
0.831928
0.831988
0.832048
0.832108
0.832168
0.832228
0.832288
0.832348
0.832408
0.832468
0.832528
0.832588
0.832648
0.832708
0.832768
0.832828
0.832888
0.832948
0.833008
0.833068
0.833129
0.833189
0.833249
0.833309
0.833369
0.833429
0.833489
0.833549
0.833609
0.833669
0.833729
0.833789
0.833849
0.833909
0.833969
0.834029
0.834089
0.834149
0.834209
0.834269
0.834329
0.834389
0.834449
0.834509
0.834569
0.834629
0.834689
0.834749
0.834809
0.834869
0.834929
0.834989
0.835049
0.835109
0.835169
0.835229
0.835289
0.835349
0.835409
0.835469
0.835529
0.835589
0.835649
0.835709
0.835769
0.835829
0.83589
0.83595
0.83601
0.83607
0.83613
0.83619
0.83625
0.83631
0.83637
0.83643
0.83649
0.83655
0.83661
0.83667
0.83673
0.83679
0.83685
0.83691
0.83697
0.83703
0.83709
0.83715
0.83721
0.83727
0.83733
0.83739
0.83745
0.83751
0.83757
0.83763
0.83769
0.83775
0.83781
0.83787
0.83793
0.83799
0.83805
0.83811
0.83817
0.83823
0.83829
0.83835
0.83841
0.83847
0.83853
0.838591
0.838651
0.838711
0.838771
0.838831
0.838891
0.838951
0.839011
0.839071
0.839131
0.839191
0.839251
0.839311
0.839371
0.839431
0.839491
0.839551
0.839611
0.839671
0.839731
0.839791
0.839851
0.839911
0.839971
0.840031
0.840091
0.840151
0.840211
0.840271
0.840331
0.840391
0.840451
0.840511
0.840571
0.840631
0.840691
0.840751
0.840811
0.840871
0.840931
0.840991
0.841051
0.841111
0.841171
0.841231
0.841291
0.841352
0.841412
0.841472
0.841532
0.841592
0.841652
0.841712
0.841772
0.841832
0.841892
0.841952
0.842012
0.842072
0.842132
0.842192
0.842252
0.842312
0.842372
0.842432
0.842492
0.842552
0.842612
0.842672
0.842732
0.842792
0.842852
0.842912
0.842972
0.843032
0.843092
0.843152
0.843212
0.843272
0.843332
0.843392
0.843452
0.843512
0.843572
0.843632
0.843692
0.843752
0.843812
0.843872
0.843932
0.843992
0.844052
0.844113
0.844173
0.844233
0.844293
0.844353
0.844413
0.844473
0.844533
0.844593
0.844653
0.844713
0.844773
0.844833
0.844893
0.844953
0.845013
0.845073
0.845133
0.845193
0.845253
0.845313
0.845373
0.845433
0.845493
0.845553
0.845613
0.845673
0.845733
0.845793
0.845853
0.845913
0.845973
0.846033
0.846093
0.846153
0.846213
0.846273
0.846333
0.846393
0.846453
0.846513
0.846573
0.846633
0.846693
0.846753
0.846813
0.846874
0.846934
0.846994
0.847054
0.847114
0.847174
0.847234
0.847294
0.847354
0.847414
0.847474
0.847534
0.847594
0.847654
0.847714
0.847774
0.847834
0.847894
0.847954
0.848014
0.848074
0.848134
0.848194
0.848254
0.848314
0.848374
0.848434
0.848494
0.848554
0.848614
0.848674
0.848734
0.848794
0.848854
0.848914
0.848974
0.849034
0.849094
0.849154
0.849214
0.849274
0.849334
0.849394
0.849454
0.849514
0.849575
0.849635
0.849695
0.849755
0.849815
0.849875
0.849935
0.849995
0.850055
0.850115
0.850175
0.850235
0.850295
0.850355
0.850415
0.850475
0.850535
0.850595
0.850655
0.850715
0.850775
0.850835
0.850895
0.850955
0.851015
0.851075
0.851135
0.851195
0.851255
0.851315
0.851375
0.851435
0.851495
0.851555
0.851615
0.851675
0.851735
0.851795
0.851855
0.851915
0.851975
0.852035
0.852095
0.852155
0.852215
0.852275
0.852336
0.852396
0.852456
0.852516
0.852576
0.852636
0.852696
0.852756
0.852816
0.852876
0.852936
0.852996
0.853056
0.853116
0.853176
0.853236
0.853296
0.853356
0.853416
0.853476
0.853536
0.853596
0.853656
0.853716
0.853776
0.853836
0.853896
0.853956
0.854016
0.854076
0.854136
0.854196
0.854256
0.854316
0.854376
0.854436
0.854496
0.854556
0.854616
0.854676
0.854736
0.854796
0.854856
0.854916
0.854976
0.855036
0.855097
0.855157
0.855217
0.855277
0.855337
0.855397
0.855457
0.855517
0.855577
0.855637
0.855697
0.855757
0.855817
0.855877
0.855937
0.855997
0.856057
0.856117
0.856177
0.856237
0.856297
0.856357
0.856417
0.856477
0.856537
0.856597
0.856657
0.856717
0.856777
0.856837
0.856897
0.856957
0.857017
0.857077
0.857137
0.857197
0.857257
0.857317
0.857377
0.857437
0.857497
0.857557
0.857617
0.857677
0.857737
0.857798
0.857858
0.857918
0.857978
0.858038
0.858098
0.858158
0.858218
0.858278
0.858338
0.858398
0.858458
0.858518
0.858578
0.858638
0.858698
0.858758
0.858818
0.858878
0.858938
0.858998
0.859058
0.859118
0.859178
0.859238
0.859298
0.859358
0.859418
0.859478
0.859538
0.859598
0.859658
0.859718
0.859778
0.859838
0.859898
0.859958
0.860018
0.860078
0.860138
0.860198
0.860258
0.860318
0.860378
0.860438
0.860498
0.860559
0.860619
0.860679
0.860739
0.860799
0.860859
0.860919
0.860979
0.861039
0.861099
0.861159
0.861219
0.861279
0.861339
0.861399
0.861459
0.861519
0.861579
0.861639
0.861699
0.861759
0.861819
0.861879
0.861939
0.861999
0.862059
0.862119
0.862179
0.862239
0.862299
0.862359
0.862419
0.862479
0.862539
0.862599
0.862659
0.862719
0.862779
0.862839
0.862899
0.862959
0.863019
0.863079
0.863139
0.863199
0.863259
0.86332
0.86338
0.86344
0.8635
0.86356
0.86362
0.86368
0.86374
0.8638
0.86386
0.86392
0.86398
0.86404
0.8641
0.86416
0.86422
0.86428
0.86434
0.8644
0.86446
0.86452
0.86458
0.86464
0.8647
0.86476
0.86482
0.86488
0.86494
0.865
0.86506
0.86512
0.86518
0.86524
0.8653
0.86536
0.86542
0.86548
0.86554
0.8656
0.86566
0.86572
0.86578
0.86584
0.8659
0.86596
0.866021
0.866081
0.866141
0.866201
0.866261
0.866321
0.866381
0.866441
0.866501
0.866561
0.866621
0.866681
0.866741
0.866801
0.866861
0.866921
0.866981
0.867041
0.867101
0.867161
0.867221
0.867281
0.867341
0.867401
0.867461
0.867521
0.867581
0.867641
0.867701
0.867761
0.867821
0.867881
0.867941
0.868001
0.868061
0.868121
0.868181
0.868241
0.868301
0.868361
0.868421
0.868481
0.868541
0.868601
0.868661
0.868721
0.868782
0.868842
0.868902
0.868962
0.869022
0.869082
0.869142
0.869202
0.869262
0.869322
0.869382
0.869442
0.869502
0.869562
0.869622
0.869682
0.869742
0.869802
0.869862
0.869922
0.869982
0.870042
0.870102
0.870162
0.870222
0.870282
0.870342
0.870402
0.870462
0.870522
0.870582
0.870642
0.870702
0.870762
0.870822
0.870882
0.870942
0.871002
0.871062
0.871122
0.871182
0.871242
0.871302
0.871362
0.871422
0.871482
0.871543
0.871603
0.871663
0.871723
0.871783
0.871843
0.871903
0.871963
0.872023
0.872083
0.872143
0.872203
0.872263
0.872323
0.872383
0.872443
0.872503
0.872563
0.872623
0.872683
0.872743
0.872803
0.872863
0.872923
0.872983
0.873043
0.873103
0.873163
0.873223
0.873283
0.873343
0.873403
0.873463
0.873523
0.873583
0.873643
0.873703
0.873763
0.873823
0.873883
0.873943
0.874003
0.874063
0.874123
0.874183
0.874243
0.874304
0.874364
0.874424
0.874484
0.874544
0.874604
0.874664
0.874724
0.874784
0.874844
0.874904
0.874964
0.875024
0.875084
0.875144
0.875204
0.875264
0.875324
0.875384
0.875444
0.875504
0.875564
0.875624
0.875684
0.875744
0.875804
0.875864
0.875924
0.875984
0.876044
0.876104
0.876164
0.876224
0.876284
0.876344
0.876404
0.876464
0.876524
0.876584
0.876644
0.876704
0.876764
0.876824
0.876884
0.876944
0.877005
0.877065
0.877125
0.877185
0.877245
0.877305
0.877365
0.877425
0.877485
0.877545
0.877605
0.877665
0.877725
0.877785
0.877845
0.877905
0.877965
0.878025
0.878085
0.878145
0.878205
0.878265
0.878325
0.878385
0.878445
0.878505
0.878565
0.878625
0.878685
0.878745
0.878805
0.878865
0.878925
0.878985
0.879045
0.879105
0.879165
0.879225
0.879285
0.879345
0.879405
0.879465
0.879525
0.879585
0.879645
0.879705
0.879766
0.879826
0.879886
0.879946
0.880006
0.880066
0.880126
0.880186
0.880246
0.880306
0.880366
0.880426
0.880486
0.880546
0.880606
0.880666
0.880726
0.880786
0.880846
0.880906
0.880966
0.881026
0.881086
0.881146
0.881206
0.881266
0.881326
0.881386
0.881446
0.881506
0.881566
0.881626
0.881686
0.881746
0.881806
0.881866
0.881926
0.881986
0.882046
0.882106
0.882166
0.882226
0.882286
0.882346
0.882406
0.882466
0.882527
0.882587
0.882647
0.882707
0.882767
0.882827
0.882887
0.882947
0.883007
0.883067
0.883127
0.883187
0.883247
0.883307
0.883367
0.883427
0.883487
0.883547
0.883607
0.883667
0.883727
0.883787
0.883847
0.883907
0.883967
0.884027
0.884087
0.884147
0.884207
0.884267
0.884327
0.884387
0.884447
0.884507
0.884567
0.884627
0.884687
0.884747
0.884807
0.884867
0.884927
0.884987
0.885047
0.885107
0.885167
0.885228
0.885288
0.885348
0.885408
0.885468
0.885528
0.885588
0.885648
0.885708
0.885768
0.885828
0.885888
0.885948
0.886008
0.886068
0.886128
0.886188
0.886248
0.886308
0.886368
0.886428
0.886488
0.886548
0.886608
0.886668
0.886728
0.886788
0.886848
0.886908
0.886968
0.887028
0.887088
0.887148
0.887208
0.887268
0.887328
0.887388
0.887448
0.887508
0.887568
0.887628
0.887688
0.887748
0.887808
0.887868
0.887928
0.887989
0.888049
0.888109
0.888169
0.888229
0.888289
0.888349
0.888409
0.888469
0.888529
0.888589
0.888649
0.888709
0.888769
0.888829
0.888889
0.888949
0.889009
0.889069
0.889129
0.889189
0.889249
0.889309
0.889369
0.889429
0.889489
0.889549
0.889609
0.889669
0.889729
0.889789
0.889849
0.889909
0.889969
0.890029
0.890089
0.890149
0.890209
0.890269
0.890329
0.890389
0.890449
0.890509
0.890569
0.890629
0.890689
0.89075
0.89081
0.89087
0.89093
0.89099
0.89105
0.89111
0.89117
0.89123
0.89129
0.89135
0.89141
0.89147
0.89153
0.89159
0.89165
0.89171
0.89177
0.89183
0.89189
0.89195
0.89201
0.89207
0.89213
0.89219
0.89225
0.89231
0.89237
0.89243
0.89249
0.89255
0.89261
0.89267
0.89273
0.89279
0.89285
0.89291
0.89297
0.89303
0.89309
0.89315
0.89321
0.89327
0.89333
0.89339
0.89345
0.893511
0.893571
0.893631
0.893691
0.893751
0.893811
0.893871
0.893931
0.893991
0.894051
0.894111
0.894171
0.894231
0.894291
0.894351
0.894411
0.894471
0.894531
0.894591
0.894651
0.894711
0.894771
0.894831
0.894891
0.894951
0.895011
0.895071
0.895131
0.895191
0.895251
0.895311
0.895371
0.895431
0.895491
0.895551
0.895611
0.895671
0.895731
0.895791
0.895851
0.895911
0.895971
0.896031
0.896091
0.896151
0.896212
0.896272
0.896332
0.896392
0.896452
0.896512
0.896572
0.896632
0.896692
0.896752
0.896812
0.896872
0.896932
0.896992
0.897052
0.897112
0.897172
0.897232
0.897292
0.897352
0.897412
0.897472
0.897532
0.897592
0.897652
0.897712
0.897772
0.897832
0.897892
0.897952
0.898012
0.898072
0.898132
0.898192
0.898252
0.898312
0.898372
0.898432
0.898492
0.898552
0.898612
0.898672
0.898732
0.898792
0.898852
0.898912
0.898973
0.899033
0.899093
0.899153
0.899213
0.899273
0.899333
0.899393
0.899453
0.899513
0.899573
0.899633
0.899693
0.899753
0.899813
0.899873
0.899933
0.899993
0.900053
0.900113
0.900173
0.900233
0.900293
0.900353
0.900413
0.900473
0.900533
0.900593
0.900653
0.900713
0.900773
0.900833
0.900893
0.900953
0.901013
0.901073
0.901133
0.901193
0.901253
0.901313
0.901373
0.901433
0.901493
0.901553
0.901613
0.901673
0.901734
0.901794
0.901854
0.901914
0.901974
0.902034
0.902094
0.902154
0.902214
0.902274
0.902334
0.902394
0.902454
0.902514
0.902574
0.902634
0.902694
0.902754
0.902814
0.902874
0.902934
0.902994
0.903054
0.903114
0.903174
0.903234
0.903294
0.903354
0.903414
0.903474
0.903534
0.903594
0.903654
0.903714
0.903774
0.903834
0.903894
0.903954
0.904014
0.904074
0.904134
0.904194
0.904254
0.904314
0.904374
0.904435
0.904495
0.904555
0.904615
0.904675
0.904735
0.904795
0.904855
0.904915
0.904975
0.905035
0.905095
0.905155
0.905215
0.905275
0.905335
0.905395
0.905455
0.905515
0.905575
0.905635
0.905695
0.905755
0.905815
0.905875
0.905935
0.905995
0.906055
0.906115
0.906175
0.906235
0.906295
0.906355
0.906415
0.906475
0.906535
0.906595
0.906655
0.906715
0.906775
0.906835
0.906895
0.906955
0.907015
0.907075
0.907135
0.907196
0.907256
0.907316
0.907376
0.907436
0.907496
0.907556
0.907616
0.907676
0.907736
0.907796
0.907856
0.907916
0.907976
0.908036
0.908096
0.908156
0.908216
0.908276
0.908336
0.908396
0.908456
0.908516
0.908576
0.908636
0.908696
0.908756
0.908816
0.908876
0.908936
0.908996
0.909056
0.909116
0.909176
0.909236
0.909296
0.909356
0.909416
0.909476
0.909536
0.909596
0.909656
0.909716
0.909776
0.909836
0.909896
0.909957
0.910017
0.910077
0.910137
0.910197
0.910257
0.910317
0.910377
0.910437
0.910497
0.910557
0.910617
0.910677
0.910737
0.910797
0.910857
0.910917
0.910977
0.911037
0.911097
0.911157
0.911217
0.911277
0.911337
0.911397
0.911457
0.911517
0.911577
0.911637
0.911697
0.911757
0.911817
0.911877
0.911937
0.911997
0.912057
0.912117
0.912177
0.912237
0.912297
0.912357
0.912417
0.912477
0.912537
0.912597
0.912657
0.912718
0.912778
0.912838
0.912898
0.912958
0.913018
0.913078
0.913138
0.913198
0.913258
0.913318
0.913378
0.913438
0.913498
0.913558
0.913618
0.913678
0.913738
0.913798
0.913858
0.913918
0.913978
0.914038
0.914098
0.914158
0.914218
0.914278
0.914338
0.914398
0.914458
0.914518
0.914578
0.914638
0.914698
0.914758
0.914818
0.914878
0.914938
0.914998
0.915058
0.915118
0.915178
0.915238
0.915298
0.915358
0.915419
0.915479
0.915539
0.915599
0.915659
0.915719
0.915779
0.915839
0.915899
0.915959
0.916019
0.916079
0.916139
0.916199
0.916259
0.916319
0.916379
0.916439
0.916499
0.916559
0.916619
0.916679
0.916739
0.916799
0.916859
0.916919
0.916979
0.917039
0.917099
0.917159
0.917219
0.917279
0.917339
0.917399
0.917459
0.917519
0.917579
0.917639
0.917699
0.917759
0.917819
0.917879
0.917939
0.917999
0.918059
0.918119
0.91818
0.91824
0.9183
0.91836
0.91842
0.91848
0.91854
0.9186
0.91866
0.91872
0.91878
0.91884
0.9189
0.91896
0.91902
0.91908
0.91914
0.9192
0.91926
0.91932
0.91938
0.91944
0.9195
0.91956
0.91962
0.91968
0.91974
0.9198
0.91986
0.91992
0.91998
0.92004
0.9201
0.92016
0.92022
0.92028
0.92034
0.9204
0.92046
0.92052
0.92058
0.92064
0.9207
0.92076
0.92082
0.92088
0.920941
0.921001
0.921061
0.921121
0.921181
0.921241
0.921301
0.921361
0.921421
0.921481
0.921541
0.921601
0.921661
0.921721
0.921781
0.921841
0.921901
0.921961
0.922021
0.922081
0.922141
0.922201
0.922261
0.922321
0.922381
0.922441
0.922501
0.922561
0.922621
0.922681
0.922741
0.922801
0.922861
0.922921
0.922981
0.923041
0.923101
0.923161
0.923221
0.923281
0.923341
0.923401
0.923461
0.923521
0.923581
0.923642
0.923702
0.923762
0.923822
0.923882
0.923942
0.924002
0.924062
0.924122
0.924182
0.924242
0.924302
0.924362
0.924422
0.924482
0.924542
0.924602
0.924662
0.924722
0.924782
0.924842
0.924902
0.924962
0.925022
0.925082
0.925142
0.925202
0.925262
0.925322
0.925382
0.925442
0.925502
0.925562
0.925622
0.925682
0.925742
0.925802
0.925862
0.925922
0.925982
0.926042
0.926102
0.926162
0.926222
0.926282
0.926342
0.926403
0.926463
0.926523
0.926583
0.926643
0.926703
0.926763
0.926823
0.926883
0.926943
0.927003
0.927063
0.927123
0.927183
0.927243
0.927303
0.927363
0.927423
0.927483
0.927543
0.927603
0.927663
0.927723
0.927783
0.927843
0.927903
0.927963
0.928023
0.928083
0.928143
0.928203
0.928263
0.928323
0.928383
0.928443
0.928503
0.928563
0.928623
0.928683
0.928743
0.928803
0.928863
0.928923
0.928983
0.929043
0.929103
0.929164
0.929224
0.929284
0.929344
0.929404
0.929464
0.929524
0.929584
0.929644
0.929704
0.929764
0.929824
0.929884
0.929944
0.930004
0.930064
0.930124
0.930184
0.930244
0.930304
0.930364
0.930424
0.930484
0.930544
0.930604
0.930664
0.930724
0.930784
0.930844
0.930904
0.930964
0.931024
0.931084
0.931144
0.931204
0.931264
0.931324
0.931384
0.931444
0.931504
0.931564
0.931624
0.931684
0.931744
0.931804
0.931865
0.931925
0.931985
0.932045
0.932105
0.932165
0.932225
0.932285
0.932345
0.932405
0.932465
0.932525
0.932585
0.932645
0.932705
0.932765
0.932825
0.932885
0.932945
0.933005
0.933065
0.933125
0.933185
0.933245
0.933305
0.933365
0.933425
0.933485
0.933545
0.933605
0.933665
0.933725
0.933785
0.933845
0.933905
0.933965
0.934025
0.934085
0.934145
0.934205
0.934265
0.934325
0.934385
0.934445
0.934505
0.934565
0.934626
0.934686
0.934746
0.934806
0.934866
0.934926
0.934986
0.935046
0.935106
0.935166
0.935226
0.935286
0.935346
0.935406
0.935466
0.935526
0.935586
0.935646
0.935706
0.935766
0.935826
0.935886
0.935946
0.936006
0.936066
0.936126
0.936186
0.936246
0.936306
0.936366
0.936426
0.936486
0.936546
0.936606
0.936666
0.936726
0.936786
0.936846
0.936906
0.936966
0.937026
0.937086
0.937146
0.937206
0.937266
0.937326
0.937387
0.937447
0.937507
0.937567
0.937627
0.937687
0.937747
0.937807
0.937867
0.937927
0.937987
0.938047
0.938107
0.938167
0.938227
0.938287
0.938347
0.938407
0.938467
0.938527
0.938587
0.938647
0.938707
0.938767
0.938827
0.938887
0.938947
0.939007
0.939067
0.939127
0.939187
0.939247
0.939307
0.939367
0.939427
0.939487
0.939547
0.939607
0.939667
0.939727
0.939787
0.939847
0.939907
0.939967
0.940027
0.940087
0.940148
0.940208
0.940268
0.940328
0.940388
0.940448
0.940508
0.940568
0.940628
0.940688
0.940748
0.940808
0.940868
0.940928
0.940988
0.941048
0.941108
0.941168
0.941228
0.941288
0.941348
0.941408
0.941468
0.941528
0.941588
0.941648
0.941708
0.941768
0.941828
0.941888
0.941948
0.942008
0.942068
0.942128
0.942188
0.942248
0.942308
0.942368
0.942428
0.942488
0.942548
0.942608
0.942668
0.942728
0.942788
0.942849
0.942909
0.942969
0.943029
0.943089
0.943149
0.943209
0.943269
0.943329
0.943389
0.943449
0.943509
0.943569
0.943629
0.943689
0.943749
0.943809
0.943869
0.943929
0.943989
0.944049
0.944109
0.944169
0.944229
0.944289
0.944349
0.944409
0.944469
0.944529
0.944589
0.944649
0.944709
0.944769
0.944829
0.944889
0.944949
0.945009
0.945069
0.945129
0.945189
0.945249
0.945309
0.945369
0.945429
0.945489
0.945549
0.94561
0.94567
0.94573
0.94579
0.94585
0.94591
0.94597
0.94603
0.94609
0.94615
0.94621
0.94627
0.94633
0.94639
0.94645
0.94651
0.94657
0.94663
0.94669
0.94675
0.94681
0.94687
0.94693
0.94699
0.94705
0.94711
0.94717
0.94723
0.94729
0.94735
0.94741
0.94747
0.94753
0.94759
0.94765
0.94771
0.94777
0.94783
0.94789
0.94795
0.94801
0.94807
0.94813
0.94819
0.94825
0.94831
0.948371
0.948431
0.948491
0.948551
0.948611
0.948671
0.948731
0.948791
0.948851
0.948911
0.948971
0.949031
0.949091
0.949151
0.949211
0.949271
0.949331
0.949391
0.949451
0.949511
0.949571
0.949631
0.949691
0.949751
0.949811
0.949871
0.949931
0.949991
0.950051
0.950111
0.950171
0.950231
0.950291
0.950351
0.950411
0.950471
0.950531
0.950591
0.950651
0.950711
0.950771
0.950831
0.950891
0.950951
0.951011
0.951072
0.951132
0.951192
0.951252
0.951312
0.951372
0.951432
0.951492
0.951552
0.951612
0.951672
0.951732
0.951792
0.951852
0.951912
0.951972
0.952032
0.952092
0.952152
0.952212
0.952272
0.952332
0.952392
0.952452
0.952512
0.952572
0.952632
0.952692
0.952752
0.952812
0.952872
0.952932
0.952992
0.953052
0.953112
0.953172
0.953232
0.953292
0.953352
0.953412
0.953472
0.953532
0.953592
0.953652
0.953712
0.953772
0.953833
0.953893
0.953953
0.954013
0.954073
0.954133
0.954193
0.954253
0.954313
0.954373
0.954433
0.954493
0.954553
0.954613
0.954673
0.954733
0.954793
0.954853
0.954913
0.954973
0.955033
0.955093
0.955153
0.955213
0.955273
0.955333
0.955393
0.955453
0.955513
0.955573
0.955633
0.955693
0.955753
0.955813
0.955873
0.955933
0.955993
0.956053
0.956113
0.956173
0.956233
0.956293
0.956353
0.956413
0.956473
0.956533
0.956594
0.956654
0.956714
0.956774
0.956834
0.956894
0.956954
0.957014
0.957074
0.957134
0.957194
0.957254
0.957314
0.957374
0.957434
0.957494
0.957554
0.957614
0.957674
0.957734
0.957794
0.957854
0.957914
0.957974
0.958034
0.958094
0.958154
0.958214
0.958274
0.958334
0.958394
0.958454
0.958514
0.958574
0.958634
0.958694
0.958754
0.958814
0.958874
0.958934
0.958994
0.959054
0.959114
0.959174
0.959234
0.959294
0.959355
0.959415
0.959475
0.959535
0.959595
0.959655
0.959715
0.959775
0.959835
0.959895
0.959955
0.960015
0.960075
0.960135
0.960195
0.960255
0.960315
0.960375
0.960435
0.960495
0.960555
0.960615
0.960675
0.960735
0.960795
0.960855
0.960915
0.960975
0.961035
0.961095
0.961155
0.961215
0.961275
0.961335
0.961395
0.961455
0.961515
0.961575
0.961635
0.961695
0.961755
0.961815
0.961875
0.961935
0.961995
0.962056
0.962116
0.962176
0.962236
0.962296
0.962356
0.962416
0.962476
0.962536
0.962596
0.962656
0.962716
0.962776
0.962836
0.962896
0.962956
0.963016
0.963076
0.963136
0.963196
0.963256
0.963316
0.963376
0.963436
0.963496
0.963556
0.963616
0.963676
0.963736
0.963796
0.963856
0.963916
0.963976
0.964036
0.964096
0.964156
0.964216
0.964276
0.964336
0.964396
0.964456
0.964516
0.964576
0.964636
0.964696
0.964756
0.964817
0.964877
0.964937
0.964997
0.965057
0.965117
0.965177
0.965237
0.965297
0.965357
0.965417
0.965477
0.965537
0.965597
0.965657
0.965717
0.965777
0.965837
0.965897
0.965957
0.966017
0.966077
0.966137
0.966197
0.966257
0.966317
0.966377
0.966437
0.966497
0.966557
0.966617
0.966677
0.966737
0.966797
0.966857
0.966917
0.966977
0.967037
0.967097
0.967157
0.967217
0.967277
0.967337
0.967397
0.967457
0.967517
0.967578
0.967638
0.967698
0.967758
0.967818
0.967878
0.967938
0.967998
0.968058
0.968118
0.968178
0.968238
0.968298
0.968358
0.968418
0.968478
0.968538
0.968598
0.968658
0.968718
0.968778
0.968838
0.968898
0.968958
0.969018
0.969078
0.969138
0.969198
0.969258
0.969318
0.969378
0.969438
0.969498
0.969558
0.969618
0.969678
0.969738
0.969798
0.969858
0.969918
0.969978
0.970038
0.970098
0.970158
0.970218
0.970279
0.970339
0.970399
0.970459
0.970519
0.970579
0.970639
0.970699
0.970759
0.970819
0.970879
0.970939
0.970999
0.971059
0.971119
0.971179
0.971239
0.971299
0.971359
0.971419
0.971479
0.971539
0.971599
0.971659
0.971719
0.971779
0.971839
0.971899
0.971959
0.972019
0.972079
0.972139
0.972199
0.972259
0.972319
0.972379
0.972439
0.972499
0.972559
0.972619
0.972679
0.972739
0.972799
0.972859
0.972919
0.972979
0.97304
0.9731
0.97316
0.97322
0.97328
0.97334
0.9734
0.97346
0.97352
0.97358
0.97364
0.9737
0.97376
0.97382
0.97388
0.97394
0.974
0.97406
0.97412
0.97418
0.97424
0.9743
0.97436
0.97442
0.97448
0.97454
0.9746
0.97466
0.97472
0.97478
0.97484
0.9749
0.97496
0.97502
0.97508
0.97514
0.9752
0.97526
0.97532
0.97538
0.97544
0.9755
0.97556
0.97562
0.97568
0.97574
0.975801
0.975861
0.975921
0.975981
0.976041
0.976101
0.976161
0.976221
0.976281
0.976341
0.976401
0.976461
0.976521
0.976581
0.976641
0.976701
0.976761
0.976821
0.976881
0.976941
0.977001
0.977061
0.977121
0.977181
0.977241
0.977301
0.977361
0.977421
0.977481
0.977541
0.977601
0.977661
0.977721
0.977781
0.977841
0.977901
0.977961
0.978021
0.978081
0.978141
0.978201
0.978261
0.978321
0.978381
0.978441
0.978501
0.978562
0.978622
0.978682
0.978742
0.978802
0.978862
0.978922
0.978982
0.979042
0.979102
0.979162
0.979222
0.979282
0.979342
0.979402
0.979462
0.979522
0.979582
0.979642
0.979702
0.979762
0.979822
0.979882
0.979942
0.980002
0.980062
0.980122
0.980182
0.980242
0.980302
0.980362
0.980422
0.980482
0.980542
0.980602
0.980662
0.980722
0.980782
0.980842
0.980902
0.980962
0.981022
0.981082
0.981142
0.981202
0.981263
0.981323
0.981383
0.981443
0.981503
0.981563
0.981623
0.981683
0.981743
0.981803
0.981863
0.981923
0.981983
0.982043
0.982103
0.982163
0.982223
0.982283
0.982343
0.982403
0.982463
0.982523
0.982583
0.982643
0.982703
0.982763
0.982823
0.982883
0.982943
0.983003
0.983063
0.983123
0.983183
0.983243
0.983303
0.983363
0.983423
0.983483
0.983543
0.983603
0.983663
0.983723
0.983783
0.983843
0.983903
0.983963
0.984024
0.984084
0.984144
0.984204
0.984264
0.984324
0.984384
0.984444
0.984504
0.984564
0.984624
0.984684
0.984744
0.984804
0.984864
0.984924
0.984984
0.985044
0.985104
0.985164
0.985224
0.985284
0.985344
0.985404
0.985464
0.985524
0.985584
0.985644
0.985704
0.985764
0.985824
0.985884
0.985944
0.986004
0.986064
0.986124
0.986184
0.986244
0.986304
0.986364
0.986424
0.986484
0.986544
0.986604
0.986664
0.986724
0.986785
0.986845
0.986905
0.986965
0.987025
0.987085
0.987145
0.987205
0.987265
0.987325
0.987385
0.987445
0.987505
0.987565
0.987625
0.987685
0.987745
0.987805
0.987865
0.987925
0.987985
0.988045
0.988105
0.988165
0.988225
0.988285
0.988345
0.988405
0.988465
0.988525
0.988585
0.988645
0.988705
0.988765
0.988825
0.988885
0.988945
0.989005
0.989065
0.989125
0.989185
0.989245
0.989305
0.989365
0.989425
0.989486
0.989546
0.989606
0.989666
0.989726
0.989786
0.989846
0.989906
0.989966
0.990026
0.990086
0.990146
0.990206
0.990266
0.990326
0.990386
0.990446
0.990506
0.990566
0.990626
0.990686
0.990746
0.990806
0.990866
0.990926
0.990986
0.991046
0.991106
0.991166
0.991226
0.991286
0.991346
0.991406
0.991466
0.991526
0.991586
0.991646
0.991706
0.991766
0.991826
0.991886
0.991946
0.992006
0.992066
0.992126
0.992186
0.992247
0.992307
0.992367
0.992427
0.992487
0.992547
0.992607
0.992667
0.992727
0.992787
0.992847
0.992907
0.992967
0.993027
0.993087
0.993147
0.993207
0.993267
0.993327
0.993387
0.993447
0.993507
0.993567
0.993627
0.993687
0.993747
0.993807
0.993867
0.993927
0.993987
0.994047
0.994107
0.994167
0.994227
0.994287
0.994347
0.994407
0.994467
0.994527
0.994587
0.994647
0.994707
0.994767
0.994827
0.994887
0.994947
0.995008
0.995068
0.995128
0.995188
0.995248
0.995308
0.995368
0.995428
0.995488
0.995548
0.995608
0.995668
0.995728
0.995788
0.995848
0.995908
0.995968
0.996028
0.996088
0.996148
0.996208
0.996268
0.996328
0.996388
0.996448
0.996508
0.996568
0.996628
0.996688
0.996748
0.996808
0.996868
0.996928
0.996988
0.997048
0.997108
0.997168
0.997228
0.997288
0.997348
0.997408
0.997468
0.997528
0.997588
0.997648
0.997708
0.997769
0.997829
0.997889
0.997949
0.998009
0.998069
0.998129
0.998189
0.998249
0.998309
0.998369
0.998429
0.998489
0.998549
0.998609
0.998669
0.998729
0.998789
0.998849
0.998909
0.998969
0.999029
0.999089
0.999149
0.999209
0.999269
0.999329
0.999389
0.999449
0.999509
0.999569
0.999629
0.999689
0.999749
0.999809
0.999869
0.999929
0.999989
1.00005
1.00011
1.00017
1.00023
1.00029
1.00035
1.00041
1.00047
1.00053
1.00059
1.00065
1.00071
1.00077
1.00083
1.00089
1.00095
1.00101
1.00107
1.00113
1.00119
1.00125
1.00131
1.00137
1.00143
1.00149
1.00155
1.00161
1.00167
1.00173
1.00179
1.00185
1.00191
1.00197
1.00203
1.00209
1.00215
1.00221
1.00227
1.00233
1.00239
1.00245
1.00251
1.00257
1.00263
1.00269
1.00275
1.00281
1.00287
1.00293
1.00299
1.00305
1.00311
1.00317
1.00323
1.00329
1.00335
1.00341
1.00347
1.00353
1.00359
1.00365
1.00371
1.00377
1.00383
1.00389
1.00395
1.00401
1.00407
1.00413
1.00419
1.00425
1.00431
1.00437
1.00443
1.00449
1.00455
1.00461
1.00467
1.00473
1.00479
1.00485
1.00491
1.00497
1.00503
1.00509
1.00515
1.00521
1.00527
1.00533
1.00539
1.00545
1.00551
1.00557
1.00563
1.00569
1.00575
1.00581
1.00587
1.00593
1.00599
1.00605
1.00611
1.00617
1.00623
1.00629
1.00635
1.00641
1.00647
1.00653
1.00659
1.00665
1.00671
1.00677
1.00683
1.00689
1.00695
1.007
1.00706
1.00712
1.00718
1.00724
1.0073
1.00736
1.00742
1.00748
1.00754
1.0076
1.00766
1.00772
1.00778
1.00784
1.0079
1.00796
1.00802
1.00808
1.00814
1.0082
1.00826
1.00832
1.00838
1.00844
1.0085
1.00856
1.00862
1.00868
1.00874
1.0088
1.00886
1.00892
1.00898
1.00904
1.0091
1.00916
1.00922
1.00928
1.00934
1.0094
1.00946
1.00952
1.00958
1.00964
1.0097
1.00976
1.00982
1.00988
1.00994
1.01
1.01006
1.01012
1.01018
1.01024
1.0103
1.01036
1.01042
1.01048
1.01054
1.0106
1.01066
1.01072
1.01078
1.01084
1.0109
1.01096
1.01102
1.01108
1.01114
1.0112
1.01126
1.01132
1.01138
1.01144
1.0115
1.01156
1.01162
1.01168
1.01174
1.0118
1.01186
1.01192
1.01198
1.01204
1.0121
1.01216
1.01222
1.01228
1.01234
1.0124
1.01246
1.01252
1.01258
1.01264
1.0127
1.01276
1.01282
1.01288
1.01294
1.013
1.01306
1.01312
1.01318
1.01324
1.0133
1.01336
1.01342
1.01348
1.01354
1.0136
1.01366
1.01372
1.01378
1.01384
1.0139
1.01396
1.01402
1.01408
1.01414
1.0142
1.01426
1.01432
1.01438
1.01444
1.0145
1.01456
1.01462
1.01468
1.01474
1.0148
1.01486
1.01492
1.01498
1.01504
1.0151
1.01516
1.01522
1.01528
1.01534
1.0154
1.01546
1.01552
1.01558
1.01564
1.0157
1.01576
1.01582
1.01588
1.01594
1.016
1.01606
1.01612
1.01618
1.01624
1.0163
1.01636
1.01642
1.01648
1.01654
1.0166
1.01666
1.01672
1.01678
1.01684
1.0169
1.01696
1.01702
1.01708
1.01714
1.0172
1.01726
1.01732
1.01738
1.01744
1.0175
1.01756
1.01762
1.01768
1.01774
1.0178
1.01786
1.01792
1.01798
1.01804
1.0181
1.01816
1.01822
1.01828
1.01834
1.0184
1.01846
1.01852
1.01858
1.01864
1.0187
1.01876
1.01882
1.01888
1.01894
1.019
1.01906
1.01912
1.01918
1.01924
1.0193
1.01936
1.01942
1.01948
1.01954
1.0196
1.01966
1.01972
1.01978
1.01984
1.0199
1.01996
1.02002
1.02008
1.02014
1.0202
1.02026
1.02032
1.02038
1.02044
1.0205
1.02056
1.02062
1.02068
1.02074
1.0208
1.02086
1.02092
1.02098
1.02104
1.0211
1.02116
1.02122
1.02128
1.02134
1.0214
1.02146
1.02152
1.02158
1.02164
1.0217
1.02176
1.02182
1.02188
1.02194
1.022
1.02206
1.02212
1.02218
1.02224
1.0223
1.02236
1.02242
1.02248
1.02254
1.0226
1.02266
1.02272
1.02278
1.02284
1.02289
1.02295
1.02301
1.02307
1.02313
1.02319
1.02325
1.02331
1.02337
1.02343
1.02349
1.02355
1.02361
1.02367
1.02373
1.02379
1.02385
1.02391
1.02397
1.02403
1.02409
1.02415
1.02421
1.02427
1.02433
1.02439
1.02445
1.02451
1.02457
1.02463
1.02469
1.02475
1.02481
1.02487
1.02493
1.02499
1.02505
1.02511
1.02517
1.02523
1.02529
1.02535
1.02541
1.02547
1.02553
1.02559
1.02565
1.02571
1.02577
1.02583
1.02589
1.02595
1.02601
1.02607
1.02613
1.02619
1.02625
1.02631
1.02637
1.02643
1.02649
1.02655
1.02661
1.02667
1.02673
1.02679
1.02685
1.02691
1.02697
1.02703
1.02709
1.02715
1.02721
1.02727
1.02733
1.02739
1.02745
1.02751
1.02757
1.02763
1.02769
1.02775
1.02781
1.02787
1.02793
1.02799
1.02805
1.02811
1.02817
1.02823
1.02829
1.02835
1.02841
1.02847
1.02853
1.02859
1.02865
1.02871
1.02877
1.02883
1.02889
1.02895
1.02901
1.02907
1.02913
1.02919
1.02925
1.02931
1.02937
1.02943
1.02949
1.02955
1.02961
1.02967
1.02973
1.02979
1.02985
1.02991
1.02997
1.03003
1.03009
1.03015
1.03021
1.03027
1.03033
1.03039
1.03045
1.03051
1.03057
1.03063
1.03069
1.03075
1.03081
1.03087
1.03093
1.03099
1.03105
1.03111
1.03117
1.03123
1.03129
1.03135
1.03141
1.03147
1.03153
1.03159
1.03165
1.03171
1.03177
1.03183
1.03189
1.03195
1.03201
1.03207
1.03213
1.03219
1.03225
1.03231
1.03237
1.03243
1.03249
1.03255
1.03261
1.03267
1.03273
1.03279
1.03285
1.03291
1.03297
1.03303
1.03309
1.03315
1.03321
1.03327
1.03333
1.03339
1.03345
1.03351
1.03357
1.03363
1.03369
1.03375
1.03381
1.03387
1.03393
1.03399
1.03405
1.03411
1.03417
1.03423
1.03429
1.03435
1.03441
1.03447
1.03453
1.03459
1.03465
1.03471
1.03477
1.03483
1.03489
1.03495
1.03501
1.03507
1.03513
1.03519
1.03525
1.03531
1.03537
1.03543
1.03549
1.03555
1.03561
1.03567
1.03573
1.03579
1.03585
1.03591
1.03597
1.03603
1.03609
1.03615
1.03621
1.03627
1.03633
1.03639
1.03645
1.03651
1.03657
1.03663
1.03669
1.03675
1.03681
1.03687
1.03693
1.03699
1.03705
1.03711
1.03717
1.03723
1.03729
1.03735
1.03741
1.03747
1.03753
1.03759
1.03765
1.03771
1.03777
1.03783
1.03789
1.03795
1.03801
1.03807
1.03813
1.03819
1.03825
1.03831
1.03837
1.03843
1.03849
1.03855
1.03861
1.03867
1.03873
1.03878
1.03884
1.0389
1.03896
1.03902
1.03908
1.03914
1.0392
1.03926
1.03932
1.03938
1.03944
1.0395
1.03956
1.03962
1.03968
1.03974
1.0398
1.03986
1.03992
1.03998
1.04004
1.0401
1.04016
1.04022
1.04028
1.04034
1.0404
1.04046
1.04052
1.04058
1.04064
1.0407
1.04076
1.04082
1.04088
1.04094
1.041
1.04106
1.04112
1.04118
1.04124
1.0413
1.04136
1.04142
1.04148
1.04154
1.0416
1.04166
1.04172
1.04178
1.04184
1.0419
1.04196
1.04202
1.04208
1.04214
1.0422
1.04226
1.04232
1.04238
1.04244
1.0425
1.04256
1.04262
1.04268
1.04274
1.0428
1.04286
1.04292
1.04298
1.04304
1.0431
1.04316
1.04322
1.04328
1.04334
1.0434
1.04346
1.04352
1.04358
1.04364
1.0437
1.04376
1.04382
1.04388
1.04394
1.044
1.04406
1.04412
1.04418
1.04424
1.0443
1.04436
1.04442
1.04448
1.04454
1.0446
1.04466
1.04472
1.04478
1.04484
1.0449
1.04496
1.04502
1.04508
1.04514
1.0452
1.04526
1.04532
1.04538
1.04544
1.0455
1.04556
1.04562
1.04568
1.04574
1.0458
1.04586
1.04592
1.04598
1.04604
1.0461
1.04616
1.04622
1.04628
1.04634
1.0464
1.04646
1.04652
1.04658
1.04664
1.0467
1.04676
1.04682
1.04688
1.04694
1.047
1.04706
1.04712
1.04718
1.04724
1.0473
1.04736
1.04742
1.04748
1.04754
1.0476
1.04766
1.04772
1.04778
1.04784
1.0479
1.04796
1.04802
1.04808
1.04814
1.0482
1.04826
1.04832
1.04838
1.04844
1.0485
1.04856
1.04862
1.04868
1.04874
1.0488
1.04886
1.04892
1.04898
1.04904
1.0491
1.04916
1.04922
1.04928
1.04934
1.0494
1.04946
1.04952
1.04958
1.04964
1.0497
1.04976
1.04982
1.04988
1.04994
1.05
1.05006
1.05012
1.05018
1.05024
1.0503
1.05036
1.05042
1.05048
1.05054
1.0506
1.05066
1.05072
1.05078
1.05084
1.0509
1.05096
1.05102
1.05108
1.05114
1.0512
1.05126
1.05132
1.05138
1.05144
1.0515
1.05156
1.05162
1.05168
1.05174
1.0518
1.05186
1.05192
1.05198
1.05204
1.0521
1.05216
1.05222
1.05228
1.05234
1.0524
1.05246
1.05252
1.05258
1.05264
1.0527
1.05276
1.05282
1.05288
1.05294
1.053
1.05306
1.05312
1.05318
1.05324
1.0533
1.05336
1.05342
1.05348
1.05354
1.0536
1.05366
1.05372
1.05378
1.05384
1.0539
1.05396
1.05402
1.05408
1.05414
1.0542
1.05426
1.05432
1.05438
1.05444
1.0545
1.05456
1.05462
1.05467
1.05473
1.05479
1.05485
1.05491
1.05497
1.05503
1.05509
1.05515
1.05521
1.05527
1.05533
1.05539
1.05545
1.05551
1.05557
1.05563
1.05569
1.05575
1.05581
1.05587
1.05593
1.05599
1.05605
1.05611
1.05617
1.05623
1.05629
1.05635
1.05641
1.05647
1.05653
1.05659
1.05665
1.05671
1.05677
1.05683
1.05689
1.05695
1.05701
1.05707
1.05713
1.05719
1.05725
1.05731
1.05737
1.05743
1.05749
1.05755
1.05761
1.05767
1.05773
1.05779
1.05785
1.05791
1.05797
1.05803
1.05809
1.05815
1.05821
1.05827
1.05833
1.05839
1.05845
1.05851
1.05857
1.05863
1.05869
1.05875
1.05881
1.05887
1.05893
1.05899
1.05905
1.05911
1.05917
1.05923
1.05929
1.05935
1.05941
1.05947
1.05953
1.05959
1.05965
1.05971
1.05977
1.05983
1.05989
1.05995
1.06001
1.06007
1.06013
1.06019
1.06025
1.06031
1.06037
1.06043
1.06049
1.06055
1.06061
1.06067
1.06073
1.06079
1.06085
1.06091
1.06097
1.06103
1.06109
1.06115
1.06121
1.06127
1.06133
1.06139
1.06145
1.06151
1.06157
1.06163
1.06169
1.06175
1.06181
1.06187
1.06193
1.06199
1.06205
1.06211
1.06217
1.06223
1.06229
1.06235
1.06241
1.06247
1.06253
1.06259
1.06265
1.06271
1.06277
1.06283
1.06289
1.06295
1.06301
1.06307
1.06313
1.06319
1.06325
1.06331
1.06337
1.06343
1.06349
1.06355
1.06361
1.06367
1.06373
1.06379
1.06385
1.06391
1.06397
1.06403
1.06409
1.06415
1.06421
1.06427
1.06433
1.06439
1.06445
1.06451
1.06457
1.06463
1.06469
1.06475
1.06481
1.06487
1.06493
1.06499
1.06505
1.06511
1.06517
1.06523
1.06529
1.06535
1.06541
1.06547
1.06553
1.06559
1.06565
1.06571
1.06577
1.06583
1.06589
1.06595
1.06601
1.06607
1.06613
1.06619
1.06625
1.06631
1.06637
1.06643
1.06649
1.06655
1.06661
1.06667
1.06673
1.06679
1.06685
1.06691
1.06697
1.06703
1.06709
1.06715
1.06721
1.06727
1.06733
1.06739
1.06745
1.06751
1.06757
1.06763
1.06769
1.06775
1.06781
1.06787
1.06793
1.06799
1.06805
1.06811
1.06817
1.06823
1.06829
1.06835
1.06841
1.06847
1.06853
1.06859
1.06865
1.06871
1.06877
1.06883
1.06889
1.06895
1.06901
1.06907
1.06913
1.06919
1.06925
1.06931
1.06937
1.06943
1.06949
1.06955
1.06961
1.06967
1.06973
1.06979
1.06985
1.06991
1.06997
1.07003
1.07009
1.07015
1.07021
1.07027
1.07033
1.07039
1.07045
1.07051
1.07056
1.07062
1.07068
1.07074
1.0708
1.07086
1.07092
1.07098
1.07104
1.0711
1.07116
1.07122
1.07128
1.07134
1.0714
1.07146
1.07152
1.07158
1.07164
1.0717
1.07176
1.07182
1.07188
1.07194
1.072
1.07206
1.07212
1.07218
1.07224
1.0723
1.07236
1.07242
1.07248
1.07254
1.0726
1.07266
1.07272
1.07278
1.07284
1.0729
1.07296
1.07302
1.07308
1.07314
1.0732
1.07326
1.07332
1.07338
1.07344
1.0735
1.07356
1.07362
1.07368
1.07374
1.0738
1.07386
1.07392
1.07398
1.07404
1.0741
1.07416
1.07422
1.07428
1.07434
1.0744
1.07446
1.07452
1.07458
1.07464
1.0747
1.07476
1.07482
1.07488
1.07494
1.075
1.07506
1.07512
1.07518
1.07524
1.0753
1.07536
1.07542
1.07548
1.07554
1.0756
1.07566
1.07572
1.07578
1.07584
1.0759
1.07596
1.07602
1.07608
1.07614
1.0762
1.07626
1.07632
1.07638
1.07644
1.0765
1.07656
1.07662
1.07668
1.07674
1.0768
1.07686
1.07692
1.07698
1.07704
1.0771
1.07716
1.07722
1.07728
1.07734
1.0774
1.07746
1.07752
1.07758
1.07764
1.0777
1.07776
1.07782
1.07788
1.07794
1.078
1.07806
1.07812
1.07818
1.07824
1.0783
1.07836
1.07842
1.07848
1.07854
1.0786
1.07866
1.07872
1.07878
1.07884
1.0789
1.07896
1.07902
1.07908
1.07914
1.0792
1.07926
1.07932
1.07938
1.07944
1.0795
1.07956
1.07962
1.07968
1.07974
1.0798
1.07986
1.07992
1.07998
1.08004
1.0801
1.08016
1.08022
1.08028
1.08034
1.0804
1.08046
1.08052
1.08058
1.08064
1.0807
1.08076
1.08082
1.08088
1.08094
1.081
1.08106
1.08112
1.08118
1.08124
1.0813
1.08136
1.08142
1.08148
1.08154
1.0816
1.08166
1.08172
1.08178
1.08184
1.0819
1.08196
1.08202
1.08208
1.08214
1.0822
1.08226
1.08232
1.08238
1.08244
1.0825
1.08256
1.08262
1.08268
1.08274
1.0828
1.08286
1.08292
1.08298
1.08304
1.0831
1.08316
1.08322
1.08328
1.08334
1.0834
1.08346
1.08352
1.08358
1.08364
1.0837
1.08376
1.08382
1.08388
1.08394
1.084
1.08406
1.08412
1.08418
1.08424
1.0843
1.08436
1.08442
1.08448
1.08454
1.0846
1.08466
1.08472
1.08478
1.08484
1.0849
1.08496
1.08502
1.08508
1.08514
1.0852
1.08526
1.08532
1.08538
1.08544
1.0855
1.08556
1.08562
1.08568
1.08574
1.0858
1.08586
1.08592
1.08598
1.08604
1.0861
1.08616
1.08622
1.08628
1.08634
1.0864
1.08645
1.08651
1.08657
1.08663
1.08669
1.08675
1.08681
1.08687
1.08693
1.08699
1.08705
1.08711
1.08717
1.08723
1.08729
1.08735
1.08741
1.08747
1.08753
1.08759
1.08765
1.08771
1.08777
1.08783
1.08789
1.08795
1.08801
1.08807
1.08813
1.08819
1.08825
1.08831
1.08837
1.08843
1.08849
1.08855
1.08861
1.08867
1.08873
1.08879
1.08885
1.08891
1.08897
1.08903
1.08909
1.08915
1.08921
1.08927
1.08933
1.08939
1.08945
1.08951
1.08957
1.08963
1.08969
1.08975
1.08981
1.08987
1.08993
1.08999
1.09005
1.09011
1.09017
1.09023
1.09029
1.09035
1.09041
1.09047
1.09053
1.09059
1.09065
1.09071
1.09077
1.09083
1.09089
1.09095
1.09101
1.09107
1.09113
1.09119
1.09125
1.09131
1.09137
1.09143
1.09149
1.09155
1.09161
1.09167
1.09173
1.09179
1.09185
1.09191
1.09197
1.09203
1.09209
1.09215
1.09221
1.09227
1.09233
1.09239
1.09245
1.09251
1.09257
1.09263
1.09269
1.09275
1.09281
1.09287
1.09293
1.09299
1.09305
1.09311
1.09317
1.09323
1.09329
1.09335
1.09341
1.09347
1.09353
1.09359
1.09365
1.09371
1.09377
1.09383
1.09389
1.09395
1.09401
1.09407
1.09413
1.09419
1.09425
1.09431
1.09437
1.09443
1.09449
1.09455
1.09461
1.09467
1.09473
1.09479
1.09485
1.09491
1.09497
1.09503
1.09509
1.09515
1.09521
1.09527
1.09533
1.09539
1.09545
1.09551
1.09557
1.09563
1.09569
1.09575
1.09581
1.09587
1.09593
1.09599
1.09605
1.09611
1.09617
1.09623
1.09629
1.09635
1.09641
1.09647
1.09653
1.09659
1.09665
1.09671
1.09677
1.09683
1.09689
1.09695
1.09701
1.09707
1.09713
1.09719
1.09725
1.09731
1.09737
1.09743
1.09749
1.09755
1.09761
1.09767
1.09773
1.09779
1.09785
1.09791
1.09797
1.09803
1.09809
1.09815
1.09821
1.09827
1.09833
1.09839
1.09845
1.09851
1.09857
1.09863
1.09869
1.09875
1.09881
1.09887
1.09893
1.09899
1.09905
1.09911
1.09917
1.09923
1.09929
1.09935
1.09941
1.09947
1.09953
1.09959
1.09965
1.09971
1.09977
1.09983
1.09989
1.09995
1.10001
1.10007
1.10013
1.10019
1.10025
1.10031
1.10037
1.10043
1.10049
1.10055
1.10061
1.10067
1.10073
1.10079
1.10085
1.10091
1.10097
1.10103
1.10109
1.10115
1.10121
1.10127
1.10133
1.10139
1.10145
1.10151
1.10157
1.10163
1.10169
1.10175
1.10181
1.10187
1.10193
1.10199
1.10205
1.10211
1.10217
1.10223
1.10229
1.10234
1.1024
1.10246
1.10252
1.10258
1.10264
1.1027
1.10276
1.10282
1.10288
1.10294
1.103
1.10306
1.10312
1.10318
1.10324
1.1033
1.10336
1.10342
1.10348
1.10354
1.1036
1.10366
1.10372
1.10378
1.10384
1.1039
1.10396
1.10402
1.10408
1.10414
1.1042
1.10426
1.10432
1.10438
1.10444
1.1045
1.10456
1.10462
1.10468
1.10474
1.1048
1.10486
1.10492
1.10498
1.10504
1.1051
1.10516
1.10522
1.10528
1.10534
1.1054
1.10546
1.10552
1.10558
1.10564
1.1057
1.10576
1.10582
1.10588
1.10594
1.106
1.10606
1.10612
1.10618
1.10624
1.1063
1.10636
1.10642
1.10648
1.10654
1.1066
1.10666
1.10672
1.10678
1.10684
1.1069
1.10696
1.10702
1.10708
1.10714
1.1072
1.10726
1.10732
1.10738
1.10744
1.1075
1.10756
1.10762
1.10768
1.10774
1.1078
1.10786
1.10792
1.10798
1.10804
1.1081
1.10816
1.10822
1.10828
1.10834
1.1084
1.10846
1.10852
1.10858
1.10864
1.1087
1.10876
1.10882
1.10888
1.10894
1.109
1.10906
1.10912
1.10918
1.10924
1.1093
1.10936
1.10942
1.10948
1.10954
1.1096
1.10966
1.10972
1.10978
1.10984
1.1099
1.10996
1.11002
1.11008
1.11014
1.1102
1.11026
1.11032
1.11038
1.11044
1.1105
1.11056
1.11062
1.11068
1.11074
1.1108
1.11086
1.11092
1.11098
1.11104
1.1111
1.11116
1.11122
1.11128
1.11134
1.1114
1.11146
1.11152
1.11158
1.11164
1.1117
1.11176
1.11182
1.11188
1.11194
1.112
1.11206
1.11212
1.11218
1.11224
1.1123
1.11236
1.11242
1.11248
1.11254
1.1126
1.11266
1.11272
1.11278
1.11284
1.1129
1.11296
1.11302
1.11308
1.11314
1.1132
1.11326
1.11332
1.11338
1.11344
1.1135
1.11356
1.11362
1.11368
1.11374
1.1138
1.11386
1.11392
1.11398
1.11404
1.1141
1.11416
1.11422
1.11428
1.11434
1.1144
1.11446
1.11452
1.11458
1.11464
1.1147
1.11476
1.11482
1.11488
1.11494
1.115
1.11506
1.11512
1.11518
1.11524
1.1153
1.11536
1.11542
1.11548
1.11554
1.1156
1.11566
1.11572
1.11578
1.11584
1.1159
1.11596
1.11602
1.11608
1.11614
1.1162
1.11626
1.11632
1.11638
1.11644
1.1165
1.11656
1.11662
1.11668
1.11674
1.1168
1.11686
1.11692
1.11698
1.11704
1.1171
1.11716
1.11722
1.11728
1.11734
1.1174
1.11746
1.11752
1.11758
1.11764
1.1177
1.11776
1.11782
1.11788
1.11794
1.118
1.11806
1.11812
1.11818
1.11823
1.11829
1.11835
1.11841
1.11847
1.11853
1.11859
1.11865
1.11871
1.11877
1.11883
1.11889
1.11895
1.11901
1.11907
1.11913
1.11919
1.11925
1.11931
1.11937
1.11943
1.11949
1.11955
1.11961
1.11967
1.11973
1.11979
1.11985
1.11991
1.11997
1.12003
1.12009
1.12015
1.12021
1.12027
1.12033
1.12039
1.12045
1.12051
1.12057
1.12063
1.12069
1.12075
1.12081
1.12087
1.12093
1.12099
1.12105
1.12111
1.12117
1.12123
1.12129
1.12135
1.12141
1.12147
1.12153
1.12159
1.12165
1.12171
1.12177
1.12183
1.12189
1.12195
1.12201
1.12207
1.12213
1.12219
1.12225
1.12231
1.12237
1.12243
1.12249
1.12255
1.12261
1.12267
1.12273
1.12279
1.12285
1.12291
1.12297
1.12303
1.12309
1.12315
1.12321
1.12327
1.12333
1.12339
1.12345
1.12351
1.12357
1.12363
1.12369
1.12375
1.12381
1.12387
1.12393
1.12399
1.12405
1.12411
1.12417
1.12423
1.12429
1.12435
1.12441
1.12447
1.12453
1.12459
1.12465
1.12471
1.12477
1.12483
1.12489
1.12495
1.12501
1.12507
1.12513
1.12519
1.12525
1.12531
1.12537
1.12543
1.12549
1.12555
1.12561
1.12567
1.12573
1.12579
1.12585
1.12591
1.12597
1.12603
1.12609
1.12615
1.12621
1.12627
1.12633
1.12639
1.12645
1.12651
1.12657
1.12663
1.12669
1.12675
1.12681
1.12687
1.12693
1.12699
1.12705
1.12711
1.12717
1.12723
1.12729
1.12735
1.12741
1.12747
1.12753
1.12759
1.12765
1.12771
1.12777
1.12783
1.12789
1.12795
1.12801
1.12807
1.12813
1.12819
1.12825
1.12831
1.12837
1.12843
1.12849
1.12855
1.12861
1.12867
1.12873
1.12879
1.12885
1.12891
1.12897
1.12903
1.12909
1.12915
1.12921
1.12927
1.12933
1.12939
1.12945
1.12951
1.12957
1.12963
1.12969
1.12975
1.12981
1.12987
1.12993
1.12999
1.13005
1.13011
1.13017
1.13023
1.13029
1.13035
1.13041
1.13047
1.13053
1.13059
1.13065
1.13071
1.13077
1.13083
1.13089
1.13095
1.13101
1.13107
1.13113
1.13119
1.13125
1.13131
1.13137
1.13143
1.13149
1.13155
1.13161
1.13167
1.13173
1.13179
1.13185
1.13191
1.13197
1.13203
1.13209
1.13215
1.13221
1.13227
1.13233
1.13239
1.13245
1.13251
1.13257
1.13263
1.13269
1.13275
1.13281
1.13287
1.13293
1.13299
1.13305
1.13311
1.13317
1.13323
1.13329
1.13335
1.13341
1.13347
1.13353
1.13359
1.13365
1.13371
1.13377
1.13383
1.13389
1.13395
1.13401
1.13407
1.13412
1.13418
1.13424
1.1343
1.13436
1.13442
1.13448
1.13454
1.1346
1.13466
1.13472
1.13478
1.13484
1.1349
1.13496
1.13502
1.13508
1.13514
1.1352
1.13526
1.13532
1.13538
1.13544
1.1355
1.13556
1.13562
1.13568
1.13574
1.1358
1.13586
1.13592
1.13598
1.13604
1.1361
1.13616
1.13622
1.13628
1.13634
1.1364
1.13646
1.13652
1.13658
1.13664
1.1367
1.13676
1.13682
1.13688
1.13694
1.137
1.13706
1.13712
1.13718
1.13724
1.1373
1.13736
1.13742
1.13748
1.13754
1.1376
1.13766
1.13772
1.13778
1.13784
1.1379
1.13796
1.13802
1.13808
1.13814
1.1382
1.13826
1.13832
1.13838
1.13844
1.1385
1.13856
1.13862
1.13868
1.13874
1.1388
1.13886
1.13892
1.13898
1.13904
1.1391
1.13916
1.13922
1.13928
1.13934
1.1394
1.13946
1.13952
1.13958
1.13964
1.1397
1.13976
1.13982
1.13988
1.13994
1.14
1.14006
1.14012
1.14018
1.14024
1.1403
1.14036
1.14042
1.14048
1.14054
1.1406
1.14066
1.14072
1.14078
1.14084
1.1409
1.14096
1.14102
1.14108
1.14114
1.1412
1.14126
1.14132
1.14138
1.14144
1.1415
1.14156
1.14162
1.14168
1.14174
1.1418
1.14186
1.14192
1.14198
1.14204
1.1421
1.14216
1.14222
1.14228
1.14234
1.1424
1.14246
1.14252
1.14258
1.14264
1.1427
1.14276
1.14282
1.14288
1.14294
1.143
1.14306
1.14312
1.14318
1.14324
1.1433
1.14336
1.14342
1.14348
1.14354
1.1436
1.14366
1.14372
1.14378
1.14384
1.1439
1.14396
1.14402
1.14408
1.14414
1.1442
1.14426
1.14432
1.14438
1.14444
1.1445
1.14456
1.14462
1.14468
1.14474
1.1448
1.14486
1.14492
1.14498
1.14504
1.1451
1.14516
1.14522
1.14528
1.14534
1.1454
1.14546
1.14552
1.14558
1.14564
1.1457
1.14576
1.14582
1.14588
1.14594
1.146
1.14606
1.14612
1.14618
1.14624
1.1463
1.14636
1.14642
1.14648
1.14654
1.1466
1.14666
1.14672
1.14678
1.14684
1.1469
1.14696
1.14702
1.14708
1.14714
1.1472
1.14726
1.14732
1.14738
1.14744
1.1475
1.14756
1.14762
1.14768
1.14774
1.1478
1.14786
1.14792
1.14798
1.14804
1.1481
1.14816
1.14822
1.14828
1.14834
1.1484
1.14846
1.14852
1.14858
1.14864
1.1487
1.14876
1.14882
1.14888
1.14894
1.149
1.14906
1.14912
1.14918
1.14924
1.1493
1.14936
1.14942
1.14948
1.14954
1.1496
1.14966
1.14972
1.14978
1.14984
1.1499
1.14996
1.15001
1.15007
1.15013
1.15019
1.15025
1.15031
1.15037
1.15043
1.15049
1.15055
1.15061
1.15067
1.15073
1.15079
1.15085
1.15091
1.15097
1.15103
1.15109
1.15115
1.15121
1.15127
1.15133
1.15139
1.15145
1.15151
1.15157
1.15163
1.15169
1.15175
1.15181
1.15187
1.15193
1.15199
1.15205
1.15211
1.15217
1.15223
1.15229
1.15235
1.15241
1.15247
1.15253
1.15259
1.15265
1.15271
1.15277
1.15283
1.15289
1.15295
1.15301
1.15307
1.15313
1.15319
1.15325
1.15331
1.15337
1.15343
1.15349
1.15355
1.15361
1.15367
1.15373
1.15379
1.15385
1.15391
1.15397
1.15403
1.15409
1.15415
1.15421
1.15427
1.15433
1.15439
1.15445
1.15451
1.15457
1.15463
1.15469
1.15475
1.15481
1.15487
1.15493
1.15499
1.15505
1.15511
1.15517
1.15523
1.15529
1.15535
1.15541
1.15547
1.15553
1.15559
1.15565
1.15571
1.15577
1.15583
1.15589
1.15595
1.15601
1.15607
1.15613
1.15619
1.15625
1.15631
1.15637
1.15643
1.15649
1.15655
1.15661
1.15667
1.15673
1.15679
1.15685
1.15691
1.15697
1.15703
1.15709
1.15715
1.15721
1.15727
1.15733
1.15739
1.15745
1.15751
1.15757
1.15763
1.15769
1.15775
1.15781
1.15787
1.15793
1.15799
1.15805
1.15811
1.15817
1.15823
1.15829
1.15835
1.15841
1.15847
1.15853
1.15859
1.15865
1.15871
1.15877
1.15883
1.15889
1.15895
1.15901
1.15907
1.15913
1.15919
1.15925
1.15931
1.15937
1.15943
1.15949
1.15955
1.15961
1.15967
1.15973
1.15979
1.15985
1.15991
1.15997
1.16003
1.16009
1.16015
1.16021
1.16027
1.16033
1.16039
1.16045
1.16051
1.16057
1.16063
1.16069
1.16075
1.16081
1.16087
1.16093
1.16099
1.16105
1.16111
1.16117
1.16123
1.16129
1.16135
1.16141
1.16147
1.16153
1.16159
1.16165
1.16171
1.16177
1.16183
1.16189
1.16195
1.16201
1.16207
1.16213
1.16219
1.16225
1.16231
1.16237
1.16243
1.16249
1.16255
1.16261
1.16267
1.16273
1.16279
1.16285
1.16291
1.16297
1.16303
1.16309
1.16315
1.16321
1.16327
1.16333
1.16339
1.16345
1.16351
1.16357
1.16363
1.16369
1.16375
1.16381
1.16387
1.16393
1.16399
1.16405
1.16411
1.16417
1.16423
1.16429
1.16435
1.16441
1.16447
1.16453
1.16459
1.16465
1.16471
1.16477
1.16483
1.16489
1.16495
1.16501
1.16507
1.16513
1.16519
1.16525
1.16531
1.16537
1.16543
1.16549
1.16555
1.16561
1.16567
1.16573
1.16579
1.16585
1.1659
1.16596
1.16602
1.16608
1.16614
1.1662
1.16626
1.16632
1.16638
1.16644
1.1665
1.16656
1.16662
1.16668
1.16674
1.1668
1.16686
1.16692
1.16698
1.16704
1.1671
1.16716
1.16722
1.16728
1.16734
1.1674
1.16746
1.16752
1.16758
1.16764
1.1677
1.16776
1.16782
1.16788
1.16794
1.168
1.16806
1.16812
1.16818
1.16824
1.1683
1.16836
1.16842
1.16848
1.16854
1.1686
1.16866
1.16872
1.16878
1.16884
1.1689
1.16896
1.16902
1.16908
1.16914
1.1692
1.16926
1.16932
1.16938
1.16944
1.1695
1.16956
1.16962
1.16968
1.16974
1.1698
1.16986
1.16992
1.16998
1.17004
1.1701
1.17016
1.17022
1.17028
1.17034
1.1704
1.17046
1.17052
1.17058
1.17064
1.1707
1.17076
1.17082
1.17088
1.17094
1.171
1.17106
1.17112
1.17118
1.17124
1.1713
1.17136
1.17142
1.17148
1.17154
1.1716
1.17166
1.17172
1.17178
1.17184
1.1719
1.17196
1.17202
1.17208
1.17214
1.1722
1.17226
1.17232
1.17238
1.17244
1.1725
1.17256
1.17262
1.17268
1.17274
1.1728
1.17286
1.17292
1.17298
1.17304
1.1731
1.17316
1.17322
1.17328
1.17334
1.1734
1.17346
1.17352
1.17358
1.17364
1.1737
1.17376
1.17382
1.17388
1.17394
1.174
1.17406
1.17412
1.17418
1.17424
1.1743
1.17436
1.17442
1.17448
1.17454
1.1746
1.17466
1.17472
1.17478
1.17484
1.1749
1.17496
1.17502
1.17508
1.17514
1.1752
1.17526
1.17532
1.17538
1.17544
1.1755
1.17556
1.17562
1.17568
1.17574
1.1758
1.17586
1.17592
1.17598
1.17604
1.1761
1.17616
1.17622
1.17628
1.17634
1.1764
1.17646
1.17652
1.17658
1.17664
1.1767
1.17676
1.17682
1.17688
1.17694
1.177
1.17706
1.17712
1.17718
1.17724
1.1773
1.17736
1.17742
1.17748
1.17754
1.1776
1.17766
1.17772
1.17778
1.17784
1.1779
1.17796
1.17802
1.17808
1.17814
1.1782
1.17826
1.17832
1.17838
1.17844
1.1785
1.17856
1.17862
1.17868
1.17874
1.1788
1.17886
1.17892
1.17898
1.17904
1.1791
1.17916
1.17922
1.17928
1.17934
1.1794
1.17946
1.17952
1.17958
1.17964
1.1797
1.17976
1.17982
1.17988
1.17994
1.18
1.18006
1.18012
1.18018
1.18024
1.1803
1.18036
1.18042
1.18048
1.18054
1.1806
1.18066
1.18072
1.18078
1.18084
1.1809
1.18096
1.18102
1.18108
1.18114
1.1812
1.18126
1.18132
1.18138
1.18144
1.1815
1.18156
1.18162
1.18168
1.18174
1.1818
1.18185
1.18191
1.18197
1.18203
1.18209
1.18215
1.18221
1.18227
1.18233
1.18239
1.18245
1.18251
1.18257
1.18263
1.18269
1.18275
1.18281
1.18287
1.18293
1.18299
1.18305
1.18311
1.18317
1.18323
1.18329
1.18335
1.18341
1.18347
1.18353
1.18359
1.18365
1.18371
1.18377
1.18383
1.18389
1.18395
1.18401
1.18407
1.18413
1.18419
1.18425
1.18431
1.18437
1.18443
1.18449
1.18455
1.18461
1.18467
1.18473
1.18479
1.18485
1.18491
1.18497
1.18503
1.18509
1.18515
1.18521
1.18527
1.18533
1.18539
1.18545
1.18551
1.18557
1.18563
1.18569
1.18575
1.18581
1.18587
1.18593
1.18599
1.18605
1.18611
1.18617
1.18623
1.18629
1.18635
1.18641
1.18647
1.18653
1.18659
1.18665
1.18671
1.18677
1.18683
1.18689
1.18695
1.18701
1.18707
1.18713
1.18719
1.18725
1.18731
1.18737
1.18743
1.18749
1.18755
1.18761
1.18767
1.18773
1.18779
1.18785
1.18791
1.18797
1.18803
1.18809
1.18815
1.18821
1.18827
1.18833
1.18839
1.18845
1.18851
1.18857
1.18863
1.18869
1.18875
1.18881
1.18887
1.18893
1.18899
1.18905
1.18911
1.18917
1.18923
1.18929
1.18935
1.18941
1.18947
1.18953
1.18959
1.18965
1.18971
1.18977
1.18983
1.18989
1.18995
1.19001
1.19007
1.19013
1.19019
1.19025
1.19031
1.19037
1.19043
1.19049
1.19055
1.19061
1.19067
1.19073
1.19079
1.19085
1.19091
1.19097
1.19103
1.19109
1.19115
1.19121
1.19127
1.19133
1.19139
1.19145
1.19151
1.19157
1.19163
1.19169
1.19175
1.19181
1.19187
1.19193
1.19199
1.19205
1.19211
1.19217
1.19223
1.19229
1.19235
1.19241
1.19247
1.19253
1.19259
1.19265
1.19271
1.19277
1.19283
1.19289
1.19295
1.19301
1.19307
1.19313
1.19319
1.19325
1.19331
1.19337
1.19343
1.19349
1.19355
1.19361
1.19367
1.19373
1.19379
1.19385
1.19391
1.19397
1.19403
1.19409
1.19415
1.19421
1.19427
1.19433
1.19439
1.19445
1.19451
1.19457
1.19463
1.19469
1.19475
1.19481
1.19487
1.19493
1.19499
1.19505
1.19511
1.19517
1.19523
1.19529
1.19535
1.19541
1.19547
1.19553
1.19559
1.19565
1.19571
1.19577
1.19583
1.19589
1.19595
1.19601
1.19607
1.19613
1.19619
1.19625
1.19631
1.19637
1.19643
1.19649
1.19655
1.19661
1.19667
1.19673
1.19679
1.19685
1.19691
1.19697
1.19703
1.19709
1.19715
1.19721
1.19727
1.19733
1.19739
1.19745
1.19751
1.19757
1.19763
1.19769
1.19774
1.1978
1.19786
1.19792
1.19798
1.19804
1.1981
1.19816
1.19822
1.19828
1.19834
1.1984
1.19846
1.19852
1.19858
1.19864
1.1987
1.19876
1.19882
1.19888
1.19894
1.199
1.19906
1.19912
1.19918
1.19924
1.1993
1.19936
1.19942
1.19948
1.19954
1.1996
1.19966
1.19972
1.19978
1.19984
1.1999
1.19996
1.20002
1.20008
1.20014
1.2002
1.20026
1.20032
1.20038
1.20044
1.2005
1.20056
1.20062
1.20068
1.20074
1.2008
1.20086
1.20092
1.20098
1.20104
1.2011
1.20116
1.20122
1.20128
1.20134
1.2014
1.20146
1.20152
1.20158
1.20164
1.2017
1.20176
1.20182
1.20188
1.20194
1.202
1.20206
1.20212
1.20218
1.20224
1.2023
1.20236
1.20242
1.20248
1.20254
1.2026
1.20266
1.20272
1.20278
1.20284
1.2029
1.20296
1.20302
1.20308
1.20314
1.2032
1.20326
1.20332
1.20338
1.20344
1.2035
1.20356
1.20362
1.20368
1.20374
1.2038
1.20386
1.20392
1.20398
1.20404
1.2041
1.20416
1.20422
1.20428
1.20434
1.2044
1.20446
1.20452
1.20458
1.20464
1.2047
1.20476
1.20482
1.20488
1.20494
1.205
1.20506
1.20512
1.20518
1.20524
1.2053
1.20536
1.20542
1.20548
1.20554
1.2056
1.20566
1.20572
1.20578
1.20584
1.2059
1.20596
1.20602
1.20608
1.20614
1.2062
1.20626
1.20632
1.20638
1.20644
1.2065
1.20656
1.20662
1.20668
1.20674
1.2068
1.20686
1.20692
1.20698
1.20704
1.2071
1.20716
1.20722
1.20728
1.20734
1.2074
1.20746
1.20752
1.20758
1.20764
1.2077
1.20776
1.20782
1.20788
1.20794
1.208
1.20806
1.20812
1.20818
1.20824
1.2083
1.20836
1.20842
1.20848
1.20854
1.2086
1.20866
1.20872
1.20878
1.20884
1.2089
1.20896
1.20902
1.20908
1.20914
1.2092
1.20926
1.20932
1.20938
1.20944
1.2095
1.20956
1.20962
1.20968
1.20974
1.2098
1.20986
1.20992
1.20998
1.21004
1.2101
1.21016
1.21022
1.21028
1.21034
1.2104
1.21046
1.21052
1.21058
1.21064
1.2107
1.21076
1.21082
1.21088
1.21094
1.211
1.21106
1.21112
1.21118
1.21124
1.2113
1.21136
1.21142
1.21148
1.21154
1.2116
1.21166
1.21172
1.21178
1.21184
1.2119
1.21196
1.21202
1.21208
1.21214
1.2122
1.21226
1.21232
1.21238
1.21244
1.2125
1.21256
1.21262
1.21268
1.21274
1.2128
1.21286
1.21292
1.21298
1.21304
1.2131
1.21316
1.21322
1.21328
1.21334
1.2134
1.21346
1.21352
1.21358
1.21363
1.21369
1.21375
1.21381
1.21387
1.21393
1.21399
1.21405
1.21411
1.21417
1.21423
1.21429
1.21435
1.21441
1.21447
1.21453
1.21459
1.21465
1.21471
1.21477
1.21483
1.21489
1.21495
1.21501
1.21507
1.21513
1.21519
1.21525
1.21531
1.21537
1.21543
1.21549
1.21555
1.21561
1.21567
1.21573
1.21579
1.21585
1.21591
1.21597
1.21603
1.21609
1.21615
1.21621
1.21627
1.21633
1.21639
1.21645
1.21651
1.21657
1.21663
1.21669
1.21675
1.21681
1.21687
1.21693
1.21699
1.21705
1.21711
1.21717
1.21723
1.21729
1.21735
1.21741
1.21747
1.21753
1.21759
1.21765
1.21771
1.21777
1.21783
1.21789
1.21795
1.21801
1.21807
1.21813
1.21819
1.21825
1.21831
1.21837
1.21843
1.21849
1.21855
1.21861
1.21867
1.21873
1.21879
1.21885
1.21891
1.21897
1.21903
1.21909
1.21915
1.21921
1.21927
1.21933
1.21939
1.21945
1.21951
1.21957
1.21963
1.21969
1.21975
1.21981
1.21987
1.21993
1.21999
1.22005
1.22011
1.22017
1.22023
1.22029
1.22035
1.22041
1.22047
1.22053
1.22059
1.22065
1.22071
1.22077
1.22083
1.22089
1.22095
1.22101
1.22107
1.22113
1.22119
1.22125
1.22131
1.22137
1.22143
1.22149
1.22155
1.22161
1.22167
1.22173
1.22179
1.22185
1.22191
1.22197
1.22203
1.22209
1.22215
1.22221
1.22227
1.22233
1.22239
1.22245
1.22251
1.22257
1.22263
1.22269
1.22275
1.22281
1.22287
1.22293
1.22299
1.22305
1.22311
1.22317
1.22323
1.22329
1.22335
1.22341
1.22347
1.22353
1.22359
1.22365
1.22371
1.22377
1.22383
1.22389
1.22395
1.22401
1.22407
1.22413
1.22419
1.22425
1.22431
1.22437
1.22443
1.22449
1.22455
1.22461
1.22467
1.22473
1.22479
1.22485
1.22491
1.22497
1.22503
1.22509
1.22515
1.22521
1.22527
1.22533
1.22539
1.22545
1.22551
1.22557
1.22563
1.22569
1.22575
1.22581
1.22587
1.22593
1.22599
1.22605
1.22611
1.22617
1.22623
1.22629
1.22635
1.22641
1.22647
1.22653
1.22659
1.22665
1.22671
1.22677
1.22683
1.22689
1.22695
1.22701
1.22707
1.22713
1.22719
1.22725
1.22731
1.22737
1.22743
1.22749
1.22755
1.22761
1.22767
1.22773
1.22779
1.22785
1.22791
1.22797
1.22803
1.22809
1.22815
1.22821
1.22827
1.22833
1.22839
1.22845
1.22851
1.22857
1.22863
1.22869
1.22875
1.22881
1.22887
1.22893
1.22899
1.22905
1.22911
1.22917
1.22923
1.22929
1.22935
1.22941
1.22947
1.22952
1.22958
1.22964
1.2297
1.22976
1.22982
1.22988
1.22994
1.23
1.23006
1.23012
1.23018
1.23024
1.2303
1.23036
1.23042
1.23048
1.23054
1.2306
1.23066
1.23072
1.23078
1.23084
1.2309
1.23096
1.23102
1.23108
1.23114
1.2312
1.23126
1.23132
1.23138
1.23144
1.2315
1.23156
1.23162
1.23168
1.23174
1.2318
1.23186
1.23192
1.23198
1.23204
1.2321
1.23216
1.23222
1.23228
1.23234
1.2324
1.23246
1.23252
1.23258
1.23264
1.2327
1.23276
1.23282
1.23288
1.23294
1.233
1.23306
1.23312
1.23318
1.23324
1.2333
1.23336
1.23342
1.23348
1.23354
1.2336
1.23366
1.23372
1.23378
1.23384
1.2339
1.23396
1.23402
1.23408
1.23414
1.2342
1.23426
1.23432
1.23438
1.23444
1.2345
1.23456
1.23462
1.23468
1.23474
1.2348
1.23486
1.23492
1.23498
1.23504
1.2351
1.23516
1.23522
1.23528
1.23534
1.2354
1.23546
1.23552
1.23558
1.23564
1.2357
1.23576
1.23582
1.23588
1.23594
1.236
1.23606
1.23612
1.23618
1.23624
1.2363
1.23636
1.23642
1.23648
1.23654
1.2366
1.23666
1.23672
1.23678
1.23684
1.2369
1.23696
1.23702
1.23708
1.23714
1.2372
1.23726
1.23732
1.23738
1.23744
1.2375
1.23756
1.23762
1.23768
1.23774
1.2378
1.23786
1.23792
1.23798
1.23804
1.2381
1.23816
1.23822
1.23828
1.23834
1.2384
1.23846
1.23852
1.23858
1.23864
1.2387
1.23876
1.23882
1.23888
1.23894
1.239
1.23906
1.23912
1.23918
1.23924
1.2393
1.23936
1.23942
1.23948
1.23954
1.2396
1.23966
1.23972
1.23978
1.23984
1.2399
1.23996
1.24002
1.24008
1.24014
1.2402
1.24026
1.24032
1.24038
1.24044
1.2405
1.24056
1.24062
1.24068
1.24074
1.2408
1.24086
1.24092
1.24098
1.24104
1.2411
1.24116
1.24122
1.24128
1.24134
1.2414
1.24146
1.24152
1.24158
1.24164
1.2417
1.24176
1.24182
1.24188
1.24194
1.242
1.24206
1.24212
1.24218
1.24224
1.2423
1.24236
1.24242
1.24248
1.24254
1.2426
1.24266
1.24272
1.24278
1.24284
1.2429
1.24296
1.24302
1.24308
1.24314
1.2432
1.24326
1.24332
1.24338
1.24344
1.2435
1.24356
1.24362
1.24368
1.24374
1.2438
1.24386
1.24392
1.24398
1.24404
1.2441
1.24416
1.24422
1.24428
1.24434
1.2444
1.24446
1.24452
1.24458
1.24464
1.2447
1.24476
1.24482
1.24488
1.24494
1.245
1.24506
1.24512
1.24518
1.24524
1.2453
1.24536
1.24541
1.24547
1.24553
1.24559
1.24565
1.24571
1.24577
1.24583
1.24589
1.24595
1.24601
1.24607
1.24613
1.24619
1.24625
1.24631
1.24637
1.24643
1.24649
1.24655
1.24661
1.24667
1.24673
1.24679
1.24685
1.24691
1.24697
1.24703
1.24709
1.24715
1.24721
1.24727
1.24733
1.24739
1.24745
1.24751
1.24757
1.24763
1.24769
1.24775
1.24781
1.24787
1.24793
1.24799
1.24805
1.24811
1.24817
1.24823
1.24829
1.24835
1.24841
1.24847
1.24853
1.24859
1.24865
1.24871
1.24877
1.24883
1.24889
1.24895
1.24901
1.24907
1.24913
1.24919
1.24925
1.24931
1.24937
1.24943
1.24949
1.24955
1.24961
1.24967
1.24973
1.24979
1.24985
1.24991
1.24997
1.25003
1.25009
1.25015
1.25021
1.25027
1.25033
1.25039
1.25045
1.25051
1.25057
1.25063
1.25069
1.25075
1.25081
1.25087
1.25093
1.25099
1.25105
1.25111
1.25117
1.25123
1.25129
1.25135
1.25141
1.25147
1.25153
1.25159
1.25165
1.25171
1.25177
1.25183
1.25189
1.25195
1.25201
1.25207
1.25213
1.25219
1.25225
1.25231
1.25237
1.25243
1.25249
1.25255
1.25261
1.25267
1.25273
1.25279
1.25285
1.25291
1.25297
1.25303
1.25309
1.25315
1.25321
1.25327
1.25333
1.25339
1.25345
1.25351
1.25357
1.25363
1.25369
1.25375
1.25381
1.25387
1.25393
1.25399
1.25405
1.25411
1.25417
1.25423
1.25429
1.25435
1.25441
1.25447
1.25453
1.25459
1.25465
1.25471
1.25477
1.25483
1.25489
1.25495
1.25501
1.25507
1.25513
1.25519
1.25525
1.25531
1.25537
1.25543
1.25549
1.25555
1.25561
1.25567
1.25573
1.25579
1.25585
1.25591
1.25597
1.25603
1.25609
1.25615
1.25621
1.25627
1.25633
1.25639
1.25645
1.25651
1.25657
1.25663
1.25669
1.25675
1.25681
1.25687
1.25693
1.25699
1.25705
1.25711
1.25717
1.25723
1.25729
1.25735
1.25741
1.25747
1.25753
1.25759
1.25765
1.25771
1.25777
1.25783
1.25789
1.25795
1.25801
1.25807
1.25813
1.25819
1.25825
1.25831
1.25837
1.25843
1.25849
1.25855
1.25861
1.25867
1.25873
1.25879
1.25885
1.25891
1.25897
1.25903
1.25909
1.25915
1.25921
1.25927
1.25933
1.25939
1.25945
1.25951
1.25957
1.25963
1.25969
1.25975
1.25981
1.25987
1.25993
1.25999
1.26005
1.26011
1.26017
1.26023
1.26029
1.26035
1.26041
1.26047
1.26053
1.26059
1.26065
1.26071
1.26077
1.26083
1.26089
1.26095
1.26101
1.26107
1.26113
1.26119
1.26125
1.2613
1.26136
1.26142
1.26148
1.26154
1.2616
1.26166
1.26172
1.26178
1.26184
1.2619
1.26196
1.26202
1.26208
1.26214
1.2622
1.26226
1.26232
1.26238
1.26244
1.2625
1.26256
1.26262
1.26268
1.26274
1.2628
1.26286
1.26292
1.26298
1.26304
1.2631
1.26316
1.26322
1.26328
1.26334
1.2634
1.26346
1.26352
1.26358
1.26364
1.2637
1.26376
1.26382
1.26388
1.26394
1.264
1.26406
1.26412
1.26418
1.26424
1.2643
1.26436
1.26442
1.26448
1.26454
1.2646
1.26466
1.26472
1.26478
1.26484
1.2649
1.26496
1.26502
1.26508
1.26514
1.2652
1.26526
1.26532
1.26538
1.26544
1.2655
1.26556
1.26562
1.26568
1.26574
1.2658
1.26586
1.26592
1.26598
1.26604
1.2661
1.26616
1.26622
1.26628
1.26634
1.2664
1.26646
1.26652
1.26658
1.26664
1.2667
1.26676
1.26682
1.26688
1.26694
1.267
1.26706
1.26712
1.26718
1.26724
1.2673
1.26736
1.26742
1.26748
1.26754
1.2676
1.26766
1.26772
1.26778
1.26784
1.2679
1.26796
1.26802
1.26808
1.26814
1.2682
1.26826
1.26832
1.26838
1.26844
1.2685
1.26856
1.26862
1.26868
1.26874
1.2688
1.26886
1.26892
1.26898
1.26904
1.2691
1.26916
1.26922
1.26928
1.26934
1.2694
1.26946
1.26952
1.26958
1.26964
1.2697
1.26976
1.26982
1.26988
1.26994
1.27
1.27006
1.27012
1.27018
1.27024
1.2703
1.27036
1.27042
1.27048
1.27054
1.2706
1.27066
1.27072
1.27078
1.27084
1.2709
1.27096
1.27102
1.27108
1.27114
1.2712
1.27126
1.27132
1.27138
1.27144
1.2715
1.27156
1.27162
1.27168
1.27174
1.2718
1.27186
1.27192
1.27198
1.27204
1.2721
1.27216
1.27222
1.27228
1.27234
1.2724
1.27246
1.27252
1.27258
1.27264
1.2727
1.27276
1.27282
1.27288
1.27294
1.273
1.27306
1.27312
1.27318
1.27324
1.2733
1.27336
1.27342
1.27348
1.27354
1.2736
1.27366
1.27372
1.27378
1.27384
1.2739
1.27396
1.27402
1.27408
1.27414
1.2742
1.27426
1.27432
1.27438
1.27444
1.2745
1.27456
1.27462
1.27468
1.27474
1.2748
1.27486
1.27492
1.27498
1.27504
1.2751
1.27516
1.27522
1.27528
1.27534
1.2754
1.27546
1.27552
1.27558
1.27564
1.2757
1.27576
1.27582
1.27588
1.27594
1.276
1.27606
1.27612
1.27618
1.27624
1.2763
1.27636
1.27642
1.27648
1.27654
1.2766
1.27666
1.27672
1.27678
1.27684
1.2769
1.27696
1.27702
1.27708
1.27714
1.27719
1.27725
1.27731
1.27737
1.27743
1.27749
1.27755
1.27761
1.27767
1.27773
1.27779
1.27785
1.27791
1.27797
1.27803
1.27809
1.27815
1.27821
1.27827
1.27833
1.27839
1.27845
1.27851
1.27857
1.27863
1.27869
1.27875
1.27881
1.27887
1.27893
1.27899
1.27905
1.27911
1.27917
1.27923
1.27929
1.27935
1.27941
1.27947
1.27953
1.27959
1.27965
1.27971
1.27977
1.27983
1.27989
1.27995
1.28001
1.28007
1.28013
1.28019
1.28025
1.28031
1.28037
1.28043
1.28049
1.28055
1.28061
1.28067
1.28073
1.28079
1.28085
1.28091
1.28097
1.28103
1.28109
1.28115
1.28121
1.28127
1.28133
1.28139
1.28145
1.28151
1.28157
1.28163
1.28169
1.28175
1.28181
1.28187
1.28193
1.28199
1.28205
1.28211
1.28217
1.28223
1.28229
1.28235
1.28241
1.28247
1.28253
1.28259
1.28265
1.28271
1.28277
1.28283
1.28289
1.28295
1.28301
1.28307
1.28313
1.28319
1.28325
1.28331
1.28337
1.28343
1.28349
1.28355
1.28361
1.28367
1.28373
1.28379
1.28385
1.28391
1.28397
1.28403
1.28409
1.28415
1.28421
1.28427
1.28433
1.28439
1.28445
1.28451
1.28457
1.28463
1.28469
1.28475
1.28481
1.28487
1.28493
1.28499
1.28505
1.28511
1.28517
1.28523
1.28529
1.28535
1.28541
1.28547
1.28553
1.28559
1.28565
1.28571
1.28577
1.28583
1.28589
1.28595
1.28601
1.28607
1.28613
1.28619
1.28625
1.28631
1.28637
1.28643
1.28649
1.28655
1.28661
1.28667
1.28673
1.28679
1.28685
1.28691
1.28697
1.28703
1.28709
1.28715
1.28721
1.28727
1.28733
1.28739
1.28745
1.28751
1.28757
1.28763
1.28769
1.28775
1.28781
1.28787
1.28793
1.28799
1.28805
1.28811
1.28817
1.28823
1.28829
1.28835
1.28841
1.28847
1.28853
1.28859
1.28865
1.28871
1.28877
1.28883
1.28889
1.28895
1.28901
1.28907
1.28913
1.28919
1.28925
1.28931
1.28937
1.28943
1.28949
1.28955
1.28961
1.28967
1.28973
1.28979
1.28985
1.28991
1.28997
1.29003
1.29009
1.29015
1.29021
1.29027
1.29033
1.29039
1.29045
1.29051
1.29057
1.29063
1.29069
1.29075
1.29081
1.29087
1.29093
1.29099
1.29105
1.29111
1.29117
1.29123
1.29129
1.29135
1.29141
1.29147
1.29153
1.29159
1.29165
1.29171
1.29177
1.29183
1.29189
1.29195
1.29201
1.29207
1.29213
1.29219
1.29225
1.29231
1.29237
1.29243
1.29249
1.29255
1.29261
1.29267
1.29273
1.29279
1.29285
1.29291
1.29297
1.29303
1.29308
1.29314
1.2932
1.29326
1.29332
1.29338
1.29344
1.2935
1.29356
1.29362
1.29368
1.29374
1.2938
1.29386
1.29392
1.29398
1.29404
1.2941
1.29416
1.29422
1.29428
1.29434
1.2944
1.29446
1.29452
1.29458
1.29464
1.2947
1.29476
1.29482
1.29488
1.29494
1.295
1.29506
1.29512
1.29518
1.29524
1.2953
1.29536
1.29542
1.29548
1.29554
1.2956
1.29566
1.29572
1.29578
1.29584
1.2959
1.29596
1.29602
1.29608
1.29614
1.2962
1.29626
1.29632
1.29638
1.29644
1.2965
1.29656
1.29662
1.29668
1.29674
1.2968
1.29686
1.29692
1.29698
1.29704
1.2971
1.29716
1.29722
1.29728
1.29734
1.2974
1.29746
1.29752
1.29758
1.29764
1.2977
1.29776
1.29782
1.29788
1.29794
1.298
1.29806
1.29812
1.29818
1.29824
1.2983
1.29836
1.29842
1.29848
1.29854
1.2986
1.29866
1.29872
1.29878
1.29884
1.2989
1.29896
1.29902
1.29908
1.29914
1.2992
1.29926
1.29932
1.29938
1.29944
1.2995
1.29956
1.29962
1.29968
1.29974
1.2998
1.29986
1.3
