0.7
0.70006
0.70012
0.70018
0.70024
0.7003
0.70036
0.70042
0.70048
0.70054
0.7006
0.70066
0.70072
0.70078
0.70084
0.7009
0.70096
0.70102
0.70108
0.70114
0.7012
0.70126
0.70132
0.70138
0.70144
0.7015
0.70156
0.70162
0.70168
0.70174
0.7018
0.70186
0.70192
0.70198
0.70204
0.7021
0.70216
0.70222
0.70228
0.70234
0.7024
0.70246
0.70252
0.70258
0.70264
0.7027
0.70276
0.70282
0.70288
0.70294
0.703
0.70306
0.70312
0.70318
0.70324
0.7033
0.70336
0.70342
0.70348
0.70354
0.7036
0.70366
0.70372
0.70378
0.70384
0.7039
0.70396
0.70402
0.70408
0.70414
0.7042
0.70426
0.70432
0.70438
0.70444
0.7045
0.70456
0.70462
0.70468
0.70474
0.7048
0.70486
0.70492
0.70498
0.70504
0.7051
0.70516
0.70522
0.70528
0.70534
0.7054
0.70546
0.70552
0.70558
0.70564
0.7057
0.70576
0.70582
0.70588
0.70594
0.706
0.70606
0.70612
0.70618
0.70624
0.7063
0.70636
0.70642
0.70648
0.70654
0.7066
0.70666
0.70672
0.70678
0.70684
0.7069
0.70696
0.70702
0.70708
0.70714
0.7072
0.70726
0.70732
0.70738
0.70744
0.7075
0.70756
0.70762
0.70768
0.70774
0.7078
0.70786
0.70792
0.70798
0.70804
0.7081
0.70816
0.70822
0.70828
0.70834
0.7084
0.70846
0.70852
0.70858
0.70864
0.7087
0.70876
0.70882
0.70888
0.70894
0.709
0.70906
0.70912
0.70918
0.70924
0.7093
0.70936
0.70942
0.70948
0.70954
0.7096
0.70966
0.70972
0.70978
0.70984
0.7099
0.70996
0.71002
0.71008
0.71014
0.7102
0.71026
0.71032
0.71038
0.71044
0.7105
0.71056
0.71062
0.71068
0.71074
0.7108
0.71086
0.71092
0.71098
0.71104
0.7111
0.71116
0.71122
0.71128
0.71134
0.7114
0.71146
0.71152
0.71158
0.71164
0.7117
0.71176
0.71182
0.71188
0.71194
0.712
0.71206
0.71212
0.71218
0.71224
0.7123
0.71236
0.71242
0.71248
0.71254
0.7126
0.71266
0.71272
0.71278
0.71284
0.7129
0.71296
0.71302
0.71308
0.71314
0.7132
0.71326
0.71332
0.71338
0.71344
0.7135
0.71356
0.71362
0.71368
0.71374
0.7138
0.71386
0.71392
0.71398
0.71404
0.7141
0.71416
0.71422
0.71428
0.71434
0.7144
0.71446
0.71452
0.71458
0.71464
0.7147
0.71476
0.71482
0.71488
0.71494
0.715
0.71506
0.71512
0.71518
0.71524
0.7153
0.71536
0.71542
0.71548
0.71554
0.7156
0.71566
0.71572
0.71578
0.71584
0.7159
0.71596
0.71602
0.71608
0.71614
0.7162
0.71626
0.71632
0.71638
0.71644
0.7165
0.71656
0.71662
0.71668
0.71674
0.7168
0.71686
0.71692
0.71698
0.71704
0.7171
0.71716
0.71722
0.71728
0.71734
0.7174
0.71746
0.71752
0.71758
0.71764
0.7177
0.71776
0.71782
0.71788
0.71794
0.718
0.71806
0.71812
0.71818
0.71824
0.7183
0.71836
0.71842
0.71848
0.71854
0.7186
0.71866
0.71872
0.71878
0.71884
0.7189
0.71896
0.71902
0.71908
0.71914
0.7192
0.71926
0.71932
0.71938
0.71944
0.7195
0.71956
0.71962
0.71968
0.71974
0.7198
0.71986
0.71992
0.71998
0.72004
0.7201
0.72016
0.72022
0.72028
0.72034
0.7204
0.72046
0.72052
0.72058
0.72064
0.7207
0.72076
0.72082
0.72088
0.72094
0.721
0.72106
0.72112
0.72118
0.72124
0.7213
0.72136
0.72142
0.72148
0.72154
0.7216
0.72166
0.72172
0.72178
0.72184
0.7219
0.72196
0.72202
0.72208
0.72214
0.7222
0.72226
0.72232
0.72238
0.72244
0.7225
0.72256
0.72262
0.72268
0.72274
0.7228
0.72286
0.72292
0.72298
0.72304
0.7231
0.72316
0.72322
0.72328
0.72334
0.7234
0.72346
0.72352
0.72358
0.72364
0.7237
0.72376
0.72382
0.72388
0.72394
0.724
0.72406
0.72412
0.72418
0.72424
0.7243
0.72436
0.72442
0.72448
0.72454
0.7246
0.72466
0.72472
0.72478
0.72484
0.7249
0.72496
0.72502
0.72508
0.72514
0.7252
0.72526
0.72532
0.72538
0.72544
0.7255
0.72556
0.72562
0.72568
0.72574
0.7258
0.72586
0.72592
0.72598
0.72604
0.7261
0.72616
0.72622
0.72628
0.72634
0.7264
0.72646
0.72652
0.72658
0.72664
0.7267
0.72676
0.72682
0.72688
0.72694
0.727
0.72706
0.72712
0.72718
0.72724
0.7273
0.72736
0.72742
0.72748
0.72754
0.7276
0.72766
0.72772
0.72778
0.72784
0.7279
0.72796
0.72802
0.72808
0.72814
0.7282
0.72826
0.72832
0.72838
0.72844
0.7285
0.72856
0.72862
0.72868
0.72874
0.7288
0.72886
0.72892
0.72898
0.72904
0.7291
0.72916
0.72922
0.72928
0.72934
0.7294
0.72946
0.72952
0.72958
0.72964
0.7297
0.72976
0.72982
0.72988
0.72994
0.73
0.73006
0.73012
0.73018
0.73024
0.7303
0.73036
0.73042
0.73048
0.73054
0.7306
0.73066
0.73072
0.73078
0.73084
0.7309
0.73096
0.73102
0.73108
0.73114
0.7312
0.73126
0.73132
0.73138
0.73144
0.7315
0.73156
0.73162
0.73168
0.73174
0.7318
0.73186
0.73192
0.73198
0.73204
0.7321
0.73216
0.73222
0.73228
0.73234
0.7324
0.73246
0.73252
0.73258
0.73264
0.7327
0.73276
0.73282
0.73288
0.73294
0.733
0.73306
0.73312
0.73318
0.73324
0.7333
0.73336
0.73342
0.73348
0.73354
0.7336
0.73366
0.73372
0.73378
0.73384
0.7339
0.73396
0.73402
0.73408
0.73414
0.7342
0.73426
0.73432
0.73438
0.73444
0.7345
0.73456
0.73462
0.73468
0.73474
0.7348
0.73486
0.73492
0.73498
0.73504
0.7351
0.73516
0.73522
0.73528
0.73534
0.7354
0.73546
0.73552
0.73558
0.73564
0.7357
0.73576
0.73582
0.73588
0.73594
0.736
0.73606
0.73612
0.73618
0.73624
0.7363
0.73636
0.73642
0.73648
0.73654
0.7366
0.73666
0.73672
0.73678
0.73684
0.7369
0.73696
0.73702
0.73708
0.73714
0.7372
0.73726
0.73732
0.73738
0.73744
0.7375
0.73756
0.73762
0.73768
0.73774
0.7378
0.73786
0.73792
0.73798
0.73804
0.7381
0.73816
0.73822
0.73828
0.73834
0.7384
0.73846
0.73852
0.73858
0.73864
0.7387
0.73876
0.73882
0.73888
0.73894
0.739
0.73906
0.73912
0.73918
0.73924
0.7393
0.73936
0.73942
0.73948
0.73954
0.7396
0.73966
0.73972
0.73978
0.73984
0.7399
0.73996
0.74002
0.74008
0.74014
0.7402
0.74026
0.74032
0.74038
0.74044
0.7405
0.74056
0.74062
0.74068
0.74074
0.7408
0.74086
0.74092
0.74098
0.74104
0.7411
0.74116
0.74122
0.74128
0.74134
0.7414
0.74146
0.74152
0.74158
0.74164
0.7417
0.74176
0.74182
0.74188
0.74194
0.742
0.74206
0.74212
0.74218
0.74224
0.7423
0.74236
0.74242
0.74248
0.74254
0.7426
0.74266
0.74272
0.74278
0.74284
0.7429
0.74296
0.74302
0.74308
0.74314
0.7432
0.74326
0.74332
0.74338
0.74344
0.7435
0.74356
0.74362
0.74368
0.74374
0.7438
0.74386
0.74392
0.74398
0.74404
0.7441
0.74416
0.74422
0.74428
0.74434
0.7444
0.74446
0.74452
0.74458
0.74464
0.7447
0.74476
0.74482
0.74488
0.74494
0.745
0.74506
0.74512
0.74518
0.74524
0.7453
0.74536
0.74542
0.74548
0.74554
0.7456
0.74566
0.74572
0.74578
0.74584
0.7459
0.74596
0.74602
0.74608
0.74614
0.7462
0.74626
0.74632
0.74638
0.74644
0.7465
0.74656
0.74662
0.74668
0.74674
0.7468
0.74686
0.74692
0.74698
0.74704
0.7471
0.74716
0.74722
0.74728
0.74734
0.7474
0.74746
0.74752
0.74758
0.74764
0.7477
0.74776
0.74782
0.74788
0.74794
0.748
0.74806
0.74812
0.74818
0.74824
0.7483
0.74836
0.74842
0.74848
0.74854
0.7486
0.74866
0.74872
0.74878
0.74884
0.7489
0.74896
0.74902
0.74908
0.74914
0.7492
0.74926
0.74932
0.74938
0.74944
0.7495
0.74956
0.74962
0.74968
0.74974
0.7498
0.74986
0.74992
0.74998
0.75004
0.7501
0.75016
0.75022
0.75028
0.75034
0.7504
0.75046
0.75052
0.75058
0.75064
0.7507
0.75076
0.75082
0.75088
0.75094
0.751
0.75106
0.75112
0.75118
0.75124
0.7513
0.75136
0.75142
0.75148
0.75154
0.7516
0.75166
0.75172
0.75178
0.75184
0.7519
0.75196
0.75202
0.75208
0.75214
0.7522
0.75226
0.75232
0.75238
0.75244
0.7525
0.75256
0.75262
0.75268
0.75274
0.7528
0.75286
0.75292
0.75298
0.75304
0.7531
0.75316
0.75322
0.75328
0.75334
0.7534
0.75346
0.75352
0.75358
0.75364
0.7537
0.75376
0.75382
0.75388
0.75394
0.754
0.75406
0.75412
0.75418
0.75424
0.7543
0.75436
0.75442
0.75448
0.75454
0.7546
0.75466
0.75472
0.75478
0.75484
0.7549
0.75496
0.75502
0.75508
0.75514
0.7552
0.75526
0.75532
0.75538
0.75544
0.7555
0.75556
0.75562
0.75568
0.75574
0.7558
0.75586
0.75592
0.75598
0.75604
0.7561
0.75616
0.75622
0.75628
0.75634
0.7564
0.75646
0.75652
0.75658
0.75664
0.7567
0.75676
0.75682
0.75688
0.75694
0.757
0.75706
0.75712
0.75718
0.75724
0.7573
0.75736
0.75742
0.75748
0.75754
0.7576
0.75766
0.75772
0.75778
0.75784
0.7579
0.75796
0.75802
0.75808
0.75814
0.7582
0.75826
0.75832
0.75838
0.75844
0.7585
0.75856
0.75862
0.75868
0.75874
0.7588
0.75886
0.75892
0.75898
0.75904
0.7591
0.75916
0.75922
0.75928
0.75934
0.7594
0.75946
0.75952
0.75958
0.75964
0.7597
0.75976
0.75982
0.75988
0.75994
0.76
0.76006
0.76012
0.76018
0.76024
0.7603
0.76036
0.76042
0.76048
0.76054
0.7606
0.76066
0.76072
0.76078
0.76084
0.7609
0.76096
0.76102
0.76108
0.76114
0.7612
0.76126
0.76132
0.76138
0.76144
0.7615
0.76156
0.76162
0.76168
0.76174
0.7618
0.76186
0.76192
0.76198
0.76204
0.7621
0.76216
0.76222
0.76228
0.76234
0.7624
0.76246
0.76252
0.76258
0.76264
0.7627
0.76276
0.76282
0.76288
0.76294
0.763
0.76306
0.76312
0.76318
0.76324
0.7633
0.76336
0.76342
0.76348
0.76354
0.7636
0.76366
0.76372
0.76378
0.76384
0.7639
0.76396
0.76402
0.76408
0.76414
0.7642
0.76426
0.76432
0.76438
0.76444
0.7645
0.76456
0.76462
0.76468
0.76474
0.7648
0.76486
0.76492
0.76498
0.76504
0.7651
0.76516
0.76522
0.76528
0.76534
0.7654
0.76546
0.76552
0.76558
0.76564
0.7657
0.76576
0.76582
0.76588
0.76594
0.766
0.76606
0.76612
0.76618
0.76624
0.7663
0.76636
0.76642
0.76648
0.76654
0.7666
0.76666
0.76672
0.76678
0.76684
0.7669
0.76696
0.76702
0.76708
0.76714
0.7672
0.76726
0.76732
0.76738
0.76744
0.7675
0.76756
0.76762
0.76768
0.76774
0.7678
0.76786
0.76792
0.76798
0.76804
0.7681
0.76816
0.76822
0.76828
0.76834
0.7684
0.76846
0.76852
0.76858
0.76864
0.7687
0.76876
0.76882
0.76888
0.76894
0.769
0.76906
0.76912
0.76918
0.76924
0.7693
0.76936
0.76942
0.76948
0.76954
0.7696
0.76966
0.76972
0.76978
0.76984
0.7699
0.76996
0.77002
0.77008
0.77014
0.7702
0.77026
0.77032
0.77038
0.77044
0.7705
0.77056
0.77062
0.77068
0.77074
0.7708
0.77086
0.77092
0.77098
0.77104
0.7711
0.77116
0.77122
0.77128
0.77134
0.7714
0.77146
0.77152
0.77158
0.77164
0.7717
0.77176
0.77182
0.77188
0.77194
0.772
0.77206
0.77212
0.77218
0.77224
0.7723
0.77236
0.77242
0.77248
0.77254
0.7726
0.77266
0.77272
0.77278
0.77284
0.7729
0.77296
0.77302
0.77308
0.77314
0.7732
0.77326
0.77332
0.77338
0.77344
0.7735
0.77356
0.77362
0.77368
0.77374
0.7738
0.77386
0.77392
0.77398
0.77404
0.7741
0.77416
0.77422
0.77428
0.77434
0.7744
0.77446
0.77452
0.77458
0.77464
0.7747
0.77476
0.77482
0.77488
0.77494
0.775
0.77506
0.77512
0.77518
0.77524
0.7753
0.77536
0.77542
0.77548
0.77554
0.7756
0.77566
0.77572
0.77578
0.77584
0.7759
0.77596
0.77602
0.77608
0.77614
0.7762
0.77626
0.77632
0.77638
0.77644
0.7765
0.77656
0.77662
0.77668
0.77674
0.7768
0.77686
0.77692
0.77698
0.77704
0.7771
0.77716
0.77722
0.77728
0.77734
0.7774
0.77746
0.77752
0.77758
0.77764
0.7777
0.77776
0.77782
0.77788
0.77794
0.778
0.77806
0.77812
0.77818
0.77824
0.7783
0.77836
0.77842
0.77848
0.77854
0.7786
0.77866
0.77872
0.77878
0.77884
0.7789
0.77896
0.77902
0.77908
0.77914
0.7792
0.77926
0.77932
0.77938
0.77944
0.7795
0.77956
0.77962
0.77968
0.77974
0.7798
0.77986
0.77992
0.77998
0.78004
0.7801
0.78016
0.78022
0.78028
0.78034
0.7804
0.78046
0.78052
0.78058
0.78064
0.7807
0.78076
0.78082
0.78088
0.78094
0.781
0.78106
0.78112
0.78118
0.78124
0.7813
0.78136
0.78142
0.78148
0.78154
0.7816
0.78166
0.78172
0.78178
0.78184
0.7819
0.78196
0.78202
0.78208
0.78214
0.7822
0.78226
0.78232
0.78238
0.78244
0.7825
0.78256
0.78262
0.78268
0.78274
0.7828
0.78286
0.78292
0.78298
0.78304
0.7831
0.78316
0.78322
0.78328
0.78334
0.7834
0.78346
0.78352
0.78358
0.78364
0.7837
0.78376
0.78382
0.78388
0.78394
0.784
0.78406
0.78412
0.78418
0.78424
0.7843
0.78436
0.78442
0.78448
0.78454
0.7846
0.78466
0.78472
0.78478
0.78484
0.7849
0.78496
0.78502
0.78508
0.78514
0.7852
0.78526
0.78532
0.78538
0.78544
0.7855
0.78556
0.78562
0.78568
0.78574
0.7858
0.78586
0.78592
0.78598
0.78604
0.7861
0.78616
0.78622
0.78628
0.78634
0.7864
0.78646
0.78652
0.78658
0.78664
0.7867
0.78676
0.78682
0.78688
0.78694
0.787
0.78706
0.78712
0.78718
0.78724
0.7873
0.78736
0.78742
0.78748
0.78754
0.7876
0.78766
0.78772
0.78778
0.78784
0.7879
0.78796
0.78802
0.78808
0.78814
0.7882
0.78826
0.78832
0.78838
0.78844
0.7885
0.78856
0.78862
0.78868
0.78874
0.7888
0.78886
0.78892
0.78898
0.78904
0.7891
0.78916
0.78922
0.78928
0.78934
0.7894
0.78946
0.78952
0.78958
0.78964
0.7897
0.78976
0.78982
0.78988
0.78994
0.79
0.79006
0.79012
0.79018
0.79024
0.7903
0.79036
0.79042
0.79048
0.79054
0.7906
0.79066
0.79072
0.79078
0.79084
0.7909
0.79096
0.79102
0.79108
0.79114
0.7912
0.79126
0.79132
0.79138
0.79144
0.7915
0.79156
0.79162
0.79168
0.79174
0.7918
0.79186
0.79192
0.79198
0.79204
0.7921
0.79216
0.79222
0.79228
0.79234
0.7924
0.79246
0.79252
0.79258
0.79264
0.7927
0.79276
0.79282
0.79288
0.79294
0.793
0.79306
0.79312
0.79318
0.79324
0.7933
0.79336
0.79342
0.79348
0.79354
0.7936
0.79366
0.79372
0.79378
0.79384
0.7939
0.79396
0.79402
0.79408
0.79414
0.7942
0.79426
0.79432
0.79438
0.79444
0.7945
0.79456
0.79462
0.79468
0.79474
0.7948
0.79486
0.79492
0.79498
0.79504
0.7951
0.79516
0.79522
0.79528
0.79534
0.7954
0.79546
0.79552
0.79558
0.79564
0.7957
0.79576
0.79582
0.79588
0.79594
0.796
0.79606
0.79612
0.79618
0.79624
0.7963
0.79636
0.79642
0.79648
0.79654
0.7966
0.79666
0.79672
0.79678
0.79684
0.7969
0.79696
0.79702
0.79708
0.79714
0.7972
0.79726
0.79732
0.79738
0.79744
0.7975
0.79756
0.79762
0.79768
0.79774
0.7978
0.79786
0.79792
0.79798
0.79804
0.7981
0.79816
0.79822
0.79828
0.79834
0.7984
0.79846
0.79852
0.79858
0.79864
0.7987
0.79876
0.79882
0.79888
0.79894
0.799
0.79906
0.79912
0.79918
0.79924
0.7993
0.79936
0.79942
0.79948
0.79954
0.7996
0.79966
0.79972
0.79978
0.79984
0.7999
0.79996
0.80002
0.80008
0.80014
0.8002
0.80026
0.80032
0.80038
0.80044
0.8005
0.80056
0.80062
0.80068
0.80074
0.8008
0.80086
0.80092
0.80098
0.80104
0.8011
0.80116
0.80122
0.80128
0.80134
0.8014
0.80146
0.80152
0.80158
0.80164
0.8017
0.80176
0.80182
0.80188
0.80194
0.802
0.80206
0.80212
0.80218
0.80224
0.8023
0.80236
0.80242
0.80248
0.80254
0.8026
0.80266
0.80272
0.80278
0.80284
0.8029
0.80296
0.80302
0.80308
0.80314
0.8032
0.80326
0.80332
0.80338
0.80344
0.8035
0.80356
0.80362
0.80368
0.80374
0.8038
0.80386
0.80392
0.80398
0.80404
0.8041
0.80416
0.80422
0.80428
0.80434
0.8044
0.80446
0.80452
0.80458
0.80464
0.8047
0.80476
0.80482
0.80488
0.80494
0.805
0.80506
0.80512
0.80518
0.80524
0.8053
0.80536
0.80542
0.80548
0.80554
0.8056
0.80566
0.80572
0.80578
0.80584
0.8059
0.80596
0.80602
0.80608
0.80614
0.8062
0.80626
0.80632
0.80638
0.80644
0.8065
0.80656
0.80662
0.80668
0.80674
0.8068
0.80686
0.80692
0.80698
0.80704
0.8071
0.80716
0.80722
0.80728
0.80734
0.8074
0.80746
0.80752
0.80758
0.80764
0.8077
0.80776
0.80782
0.80788
0.80794
0.808
0.80806
0.80812
0.80818
0.80824
0.8083
0.80836
0.80842
0.80848
0.80854
0.8086
0.80866
0.80872
0.80878
0.80884
0.8089
0.80896
0.80902
0.80908
0.80914
0.8092
0.80926
0.80932
0.80938
0.80944
0.8095
0.80956
0.80962
0.80968
0.80974
0.8098
0.80986
0.80992
0.80998
0.81004
0.8101
0.81016
0.81022
0.81028
0.81034
0.8104
0.81046
0.81052
0.81058
0.81064
0.8107
0.81076
0.81082
0.81088
0.81094
0.811
0.81106
0.81112
0.81118
0.81124
0.8113
0.81136
0.81142
0.81148
0.81154
0.8116
0.81166
0.81172
0.81178
0.81184
0.8119
0.81196
0.81202
0.81208
0.81214
0.8122
0.81226
0.81232
0.81238
0.81244
0.8125
0.81256
0.81262
0.81268
0.81274
0.8128
0.81286
0.81292
0.81298
0.81304
0.8131
0.81316
0.81322
0.81328
0.81334
0.8134
0.81346
0.81352
0.81358
0.81364
0.8137
0.81376
0.81382
0.81388
0.81394
0.814
0.81406
0.81412
0.81418
0.81424
0.8143
0.81436
0.81442
0.81448
0.81454
0.8146
0.81466
0.81472
0.81478
0.81484
0.8149
0.81496
0.81502
0.81508
0.81514
0.8152
0.81526
0.81532
0.81538
0.81544
0.8155
0.81556
0.81562
0.81568
0.81574
0.8158
0.81586
0.81592
0.81598
0.81604
0.8161
0.81616
0.81622
0.81628
0.81634
0.8164
0.81646
0.81652
0.81658
0.81664
0.8167
0.81676
0.81682
0.81688
0.81694
0.817
0.81706
0.81712
0.81718
0.81724
0.8173
0.81736
0.81742
0.81748
0.81754
0.8176
0.81766
0.81772
0.81778
0.81784
0.8179
0.81796
0.81802
0.81808
0.81814
0.8182
0.81826
0.81832
0.81838
0.81844
0.8185
0.81856
0.81862
0.81868
0.81874
0.8188
0.81886
0.81892
0.81898
0.81904
0.8191
0.81916
0.81922
0.81928
0.81934
0.8194
0.81946
0.81952
0.81958
0.81964
0.8197
0.81976
0.81982
0.81988
0.81994
0.82
0.82006
0.82012
0.82018
0.82024
0.8203
0.82036
0.82042
0.82048
0.82054
0.8206
0.82066
0.82072
0.82078
0.82084
0.8209
0.82096
0.82102
0.82108
0.82114
0.8212
0.82126
0.82132
0.82138
0.82144
0.8215
0.82156
0.82162
0.82168
0.82174
0.8218
0.82186
0.82192
0.82198
0.82204
0.8221
0.82216
0.82222
0.82228
0.82234
0.8224
0.82246
0.82252
0.82258
0.82264
0.8227
0.82276
0.82282
0.82288
0.82294
0.823
0.82306
0.82312
0.82318
0.82324
0.8233
0.82336
0.82342
0.82348
0.82354
0.8236
0.82366
0.82372
0.82378
0.82384
0.8239
0.82396
0.82402
0.82408
0.82414
0.8242
0.82426
0.82432
0.82438
0.82444
0.8245
0.82456
0.82462
0.82468
0.82474
0.8248
0.82486
0.82492
0.82498
0.82504
0.8251
0.82516
0.82522
0.82528
0.82534
0.8254
0.82546
0.82552
0.82558
0.82564
0.8257
0.82576
0.82582
0.82588
0.82594
0.826
0.82606
0.82612
0.82618
0.82624
0.8263
0.82636
0.82642
0.82648
0.82654
0.8266
0.82666
0.82672
0.82678
0.82684
0.8269
0.82696
0.82702
0.82708
0.82714
0.8272
0.82726
0.82732
0.82738
0.82744
0.8275
0.82756
0.82762
0.82768
0.82774
0.8278
0.82786
0.82792
0.82798
0.82804
0.8281
0.82816
0.82822
0.82828
0.82834
0.8284
0.82846
0.82852
0.82858
0.82864
0.8287
0.82876
0.82882
0.82888
0.82894
0.829
0.82906
0.82912
0.82918
0.82924
0.8293
0.82936
0.82942
0.82948
0.82954
0.8296
0.82966
0.82972
0.82978
0.82984
0.8299
0.82996
0.83002
0.83008
0.83014
0.8302
0.83026
0.83032
0.83038
0.83044
0.8305
0.83056
0.83062
0.83068
0.83074
0.8308
0.83086
0.83092
0.83098
0.83104
0.8311
0.83116
0.83122
0.83128
0.83134
0.8314
0.83146
0.83152
0.83158
0.83164
0.8317
0.83176
0.83182
0.83188
0.83194
0.832
0.83206
0.83212
0.83218
0.83224
0.8323
0.83236
0.83242
0.83248
0.83254
0.8326
0.83266
0.83272
0.83278
0.83284
0.8329
0.83296
0.83302
0.83308
0.83314
0.8332
0.83326
0.83332
0.83338
0.83344
0.8335
0.83356
0.83362
0.83368
0.83374
0.8338
0.83386
0.83392
0.83398
0.83404
0.8341
0.83416
0.83422
0.83428
0.83434
0.8344
0.83446
0.83452
0.83458
0.83464
0.8347
0.83476
0.83482
0.83488
0.83494
0.835
0.83506
0.83512
0.83518
0.83524
0.8353
0.83536
0.83542
0.83548
0.83554
0.8356
0.83566
0.83572
0.83578
0.83584
0.8359
0.83596
0.83602
0.83608
0.83614
0.8362
0.83626
0.83632
0.83638
0.83644
0.8365
0.83656
0.83662
0.83668
0.83674
0.8368
0.83686
0.83692
0.83698
0.83704
0.8371
0.83716
0.83722
0.83728
0.83734
0.8374
0.83746
0.83752
0.83758
0.83764
0.8377
0.83776
0.83782
0.83788
0.83794
0.838
0.83806
0.83812
0.83818
0.83824
0.8383
0.83836
0.83842
0.83848
0.83854
0.8386
0.83866
0.83872
0.83878
0.83884
0.8389
0.83896
0.83902
0.83908
0.83914
0.8392
0.83926
0.83932
0.83938
0.83944
0.8395
0.83956
0.83962
0.83968
0.83974
0.8398
0.83986
0.83992
0.83998
0.84004
0.8401
0.84016
0.84022
0.84028
0.84034
0.8404
0.84046
0.84052
0.84058
0.84064
0.8407
0.84076
0.84082
0.84088
0.84094
0.841
0.84106
0.84112
0.84118
0.84124
0.8413
0.84136
0.84142
0.84148
0.84154
0.8416
0.84166
0.84172
0.84178
0.84184
0.8419
0.84196
0.84202
0.84208
0.84214
0.8422
0.84226
0.84232
0.84238
0.84244
0.8425
0.84256
0.84262
0.84268
0.84274
0.8428
0.84286
0.84292
0.84298
0.84304
0.8431
0.84316
0.84322
0.84328
0.84334
0.8434
0.84346
0.84352
0.84358
0.84364
0.8437
0.84376
0.84382
0.84388
0.84394
0.844
0.84406
0.84412
0.84418
0.84424
0.8443
0.84436
0.84442
0.84448
0.84454
0.8446
0.84466
0.84472
0.84478
0.84484
0.8449
0.84496
0.84502
0.84508
0.84514
0.8452
0.84526
0.84532
0.84538
0.84544
0.8455
0.84556
0.84562
0.84568
0.84574
0.8458
0.84586
0.84592
0.84598
0.84604
0.8461
0.84616
0.84622
0.84628
0.84634
0.8464
0.84646
0.84652
0.84658
0.84664
0.8467
0.84676
0.84682
0.84688
0.84694
0.847
0.84706
0.84712
0.84718
0.84724
0.8473
0.84736
0.84742
0.84748
0.84754
0.8476
0.84766
0.84772
0.84778
0.84784
0.8479
0.84796
0.84802
0.84808
0.84814
0.8482
0.84826
0.84832
0.84838
0.84844
0.8485
0.84856
0.84862
0.84868
0.84874
0.8488
0.84886
0.84892
0.84898
0.84904
0.8491
0.84916
0.84922
0.84928
0.84934
0.8494
0.84946
0.84952
0.84958
0.84964
0.8497
0.84976
0.84982
0.84988
0.84994
0.85
0.85006
0.85012
0.85018
0.85024
0.8503
0.85036
0.85042
0.85048
0.85054
0.8506
0.85066
0.85072
0.85078
0.85084
0.8509
0.85096
0.85102
0.85108
0.85114
0.8512
0.85126
0.85132
0.85138
0.85144
0.8515
0.85156
0.85162
0.85168
0.85174
0.8518
0.85186
0.85192
0.85198
0.85204
0.8521
0.85216
0.85222
0.85228
0.85234
0.8524
0.85246
0.85252
0.85258
0.85264
0.8527
0.85276
0.85282
0.85288
0.85294
0.853
0.85306
0.85312
0.85318
0.85324
0.8533
0.85336
0.85342
0.85348
0.85354
0.8536
0.85366
0.85372
0.85378
0.85384
0.8539
0.85396
0.85402
0.85408
0.85414
0.8542
0.85426
0.85432
0.85438
0.85444
0.8545
0.85456
0.85462
0.85468
0.85474
0.8548
0.85486
0.85492
0.85498
0.85504
0.8551
0.85516
0.85522
0.85528
0.85534
0.8554
0.85546
0.85552
0.85558
0.85564
0.8557
0.85576
0.85582
0.85588
0.85594
0.856
0.85606
0.85612
0.85618
0.85624
0.8563
0.85636
0.85642
0.85648
0.85654
0.8566
0.85666
0.85672
0.85678
0.85684
0.8569
0.85696
0.85702
0.85708
0.85714
0.8572
0.85726
0.85732
0.85738
0.85744
0.8575
0.85756
0.85762
0.85768
0.85774
0.8578
0.85786
0.85792
0.85798
0.85804
0.8581
0.85816
0.85822
0.85828
0.85834
0.8584
0.85846
0.85852
0.85858
0.85864
0.8587
0.85876
0.85882
0.85888
0.85894
0.859
0.85906
0.85912
0.85918
0.85924
0.8593
0.85936
0.85942
0.85948
0.85954
0.8596
0.85966
0.85972
0.85978
0.85984
0.8599
0.85996
0.86002
0.86008
0.86014
0.8602
0.86026
0.86032
0.86038
0.86044
0.8605
0.86056
0.86062
0.86068
0.86074
0.8608
0.86086
0.86092
0.86098
0.86104
0.8611
0.86116
0.86122
0.86128
0.86134
0.8614
0.86146
0.86152
0.86158
0.86164
0.8617
0.86176
0.86182
0.86188
0.86194
0.862
0.86206
0.86212
0.86218
0.86224
0.8623
0.86236
0.86242
0.86248
0.86254
0.8626
0.86266
0.86272
0.86278
0.86284
0.8629
0.86296
0.86302
0.86308
0.86314
0.8632
0.86326
0.86332
0.86338
0.86344
0.8635
0.86356
0.86362
0.86368
0.86374
0.8638
0.86386
0.86392
0.86398
0.86404
0.8641
0.86416
0.86422
0.86428
0.86434
0.8644
0.86446
0.86452
0.86458
0.86464
0.8647
0.86476
0.86482
0.86488
0.86494
0.865
0.86506
0.86512
0.86518
0.86524
0.8653
0.86536
0.86542
0.86548
0.86554
0.8656
0.86566
0.86572
0.86578
0.86584
0.8659
0.86596
0.86602
0.86608
0.86614
0.8662
0.86626
0.86632
0.86638
0.86644
0.8665
0.86656
0.86662
0.86668
0.86674
0.8668
0.86686
0.86692
0.86698
0.86704
0.8671
0.86716
0.86722
0.86728
0.86734
0.8674
0.86746
0.86752
0.86758
0.86764
0.8677
0.86776
0.86782
0.86788
0.86794
0.868
0.86806
0.86812
0.86818
0.86824
0.8683
0.86836
0.86842
0.86848
0.86854
0.8686
0.86866
0.86872
0.86878
0.86884
0.8689
0.86896
0.86902
0.86908
0.86914
0.8692
0.86926
0.86932
0.86938
0.86944
0.8695
0.86956
0.86962
0.86968
0.86974
0.8698
0.86986
0.86992
0.86998
0.87004
0.8701
0.87016
0.87022
0.87028
0.87034
0.8704
0.87046
0.87052
0.87058
0.87064
0.8707
0.87076
0.87082
0.87088
0.87094
0.871
0.87106
0.87112
0.87118
0.87124
0.8713
0.87136
0.87142
0.87148
0.87154
0.8716
0.87166
0.87172
0.87178
0.87184
0.8719
0.87196
0.87202
0.87208
0.87214
0.8722
0.87226
0.87232
0.87238
0.87244
0.8725
0.87256
0.87262
0.87268
0.87274
0.8728
0.87286
0.87292
0.87298
0.87304
0.8731
0.87316
0.87322
0.87328
0.87334
0.8734
0.87346
0.87352
0.87358
0.87364
0.8737
0.87376
0.87382
0.87388
0.87394
0.874
0.87406
0.87412
0.87418
0.87424
0.8743
0.87436
0.87442
0.87448
0.87454
0.8746
0.87466
0.87472
0.87478
0.87484
0.8749
0.87496
0.87502
0.87508
0.87514
0.8752
0.87526
0.87532
0.87538
0.87544
0.8755
0.87556
0.87562
0.87568
0.87574
0.8758
0.87586
0.87592
0.87598
0.87604
0.8761
0.87616
0.87622
0.87628
0.87634
0.8764
0.87646
0.87652
0.87658
0.87664
0.8767
0.87676
0.87682
0.87688
0.87694
0.877
0.87706
0.87712
0.87718
0.87724
0.8773
0.87736
0.87742
0.87748
0.87754
0.8776
0.87766
0.87772
0.87778
0.87784
0.8779
0.87796
0.87802
0.87808
0.87814
0.8782
0.87826
0.87832
0.87838
0.87844
0.8785
0.87856
0.87862
0.87868
0.87874
0.8788
0.87886
0.87892
0.87898
0.87904
0.8791
0.87916
0.87922
0.87928
0.87934
0.8794
0.87946
0.87952
0.87958
0.87964
0.8797
0.87976
0.87982
0.87988
0.87994
0.88
0.88006
0.88012
0.88018
0.88024
0.8803
0.88036
0.88042
0.88048
0.88054
0.8806
0.88066
0.88072
0.88078
0.88084
0.8809
0.88096
0.88102
0.88108
0.88114
0.8812
0.88126
0.88132
0.88138
0.88144
0.8815
0.88156
0.88162
0.88168
0.88174
0.8818
0.88186
0.88192
0.88198
0.88204
0.8821
0.88216
0.88222
0.88228
0.88234
0.8824
0.88246
0.88252
0.88258
0.88264
0.8827
0.88276
0.88282
0.88288
0.88294
0.883
0.88306
0.88312
0.88318
0.88324
0.8833
0.88336
0.88342
0.88348
0.88354
0.8836
0.88366
0.88372
0.88378
0.88384
0.8839
0.88396
0.88402
0.88408
0.88414
0.8842
0.88426
0.88432
0.88438
0.88444
0.8845
0.88456
0.88462
0.88468
0.88474
0.8848
0.88486
0.88492
0.88498
0.88504
0.8851
0.88516
0.88522
0.88528
0.88534
0.8854
0.88546
0.88552
0.88558
0.88564
0.8857
0.88576
0.88582
0.88588
0.88594
0.886
0.88606
0.88612
0.88618
0.88624
0.8863
0.88636
0.88642
0.88648
0.88654
0.8866
0.88666
0.88672
0.88678
0.88684
0.8869
0.88696
0.88702
0.88708
0.88714
0.8872
0.88726
0.88732
0.88738
0.88744
0.8875
0.88756
0.88762
0.88768
0.88774
0.8878
0.88786
0.88792
0.88798
0.88804
0.8881
0.88816
0.88822
0.88828
0.88834
0.8884
0.88846
0.88852
0.88858
0.88864
0.8887
0.88876
0.88882
0.88888
0.88894
0.889
0.88906
0.88912
0.88918
0.88924
0.8893
0.88936
0.88942
0.88948
0.88954
0.8896
0.88966
0.88972
0.88978
0.88984
0.8899
0.88996
0.89002
0.89008
0.89014
0.8902
0.89026
0.89032
0.89038
0.89044
0.8905
0.89056
0.89062
0.89068
0.89074
0.8908
0.89086
0.89092
0.89098
0.89104
0.8911
0.89116
0.89122
0.89128
0.89134
0.8914
0.89146
0.89152
0.89158
0.89164
0.8917
0.89176
0.89182
0.89188
0.89194
0.892
0.89206
0.89212
0.89218
0.89224
0.8923
0.89236
0.89242
0.89248
0.89254
0.8926
0.89266
0.89272
0.89278
0.89284
0.8929
0.89296
0.89302
0.89308
0.89314
0.8932
0.89326
0.89332
0.89338
0.89344
0.8935
0.89356
0.89362
0.89368
0.89374
0.8938
0.89386
0.89392
0.89398
0.89404
0.8941
0.89416
0.89422
0.89428
0.89434
0.8944
0.89446
0.89452
0.89458
0.89464
0.8947
0.89476
0.89482
0.89488
0.89494
0.895
0.89506
0.89512
0.89518
0.89524
0.8953
0.89536
0.89542
0.89548
0.89554
0.8956
0.89566
0.89572
0.89578
0.89584
0.8959
0.89596
0.89602
0.89608
0.89614
0.8962
0.89626
0.89632
0.89638
0.89644
0.8965
0.89656
0.89662
0.89668
0.89674
0.8968
0.89686
0.89692
0.89698
0.89704
0.8971
0.89716
0.89722
0.89728
0.89734
0.8974
0.89746
0.89752
0.89758
0.89764
0.8977
0.89776
0.89782
0.89788
0.89794
0.898
0.89806
0.89812
0.89818
0.89824
0.8983
0.89836
0.89842
0.89848
0.89854
0.8986
0.89866
0.89872
0.89878
0.89884
0.8989
0.89896
0.89902
0.89908
0.89914
0.8992
0.89926
0.89932
0.89938
0.89944
0.8995
0.89956
0.89962
0.89968
0.89974
0.8998
0.89986
0.89992
0.89998
0.90004
0.9001
0.90016
0.90022
0.90028
0.90034
0.9004
0.90046
0.90052
0.90058
0.90064
0.9007
0.90076
0.90082
0.90088
0.90094
0.901
0.90106
0.90112
0.90118
0.90124
0.9013
0.90136
0.90142
0.90148
0.90154
0.9016
0.90166
0.90172
0.90178
0.90184
0.9019
0.90196
0.90202
0.90208
0.90214
0.9022
0.90226
0.90232
0.90238
0.90244
0.9025
0.90256
0.90262
0.90268
0.90274
0.9028
0.90286
0.90292
0.90298
0.90304
0.9031
0.90316
0.90322
0.90328
0.90334
0.9034
0.90346
0.90352
0.90358
0.90364
0.9037
0.90376
0.90382
0.90388
0.90394
0.904
0.90406
0.90412
0.90418
0.90424
0.9043
0.90436
0.90442
0.90448
0.90454
0.9046
0.90466
0.90472
0.90478
0.90484
0.9049
0.90496
0.90502
0.90508
0.90514
0.9052
0.90526
0.90532
0.90538
0.90544
0.9055
0.90556
0.90562
0.90568
0.90574
0.9058
0.90586
0.90592
0.90598
0.90604
0.9061
0.90616
0.90622
0.90628
0.90634
0.9064
0.90646
0.90652
0.90658
0.90664
0.9067
0.90676
0.90682
0.90688
0.90694
0.907
0.90706
0.90712
0.90718
0.90724
0.9073
0.90736
0.90742
0.90748
0.90754
0.9076
0.90766
0.90772
0.90778
0.90784
0.9079
0.90796
0.90802
0.90808
0.90814
0.9082
0.90826
0.90832
0.90838
0.90844
0.9085
0.90856
0.90862
0.90868
0.90874
0.9088
0.90886
0.90892
0.90898
0.90904
0.9091
0.90916
0.90922
0.90928
0.90934
0.9094
0.90946
0.90952
0.90958
0.90964
0.9097
0.90976
0.90982
0.90988
0.90994
0.91
0.91006
0.91012
0.91018
0.91024
0.9103
0.91036
0.91042
0.91048
0.91054
0.9106
0.91066
0.91072
0.91078
0.91084
0.9109
0.91096
0.91102
0.91108
0.91114
0.9112
0.91126
0.91132
0.91138
0.91144
0.9115
0.91156
0.91162
0.91168
0.91174
0.9118
0.91186
0.91192
0.91198
0.91204
0.9121
0.91216
0.91222
0.91228
0.91234
0.9124
0.91246
0.91252
0.91258
0.91264
0.9127
0.91276
0.91282
0.91288
0.91294
0.913
0.91306
0.91312
0.91318
0.91324
0.9133
0.91336
0.91342
0.91348
0.91354
0.9136
0.91366
0.91372
0.91378
0.91384
0.9139
0.91396
0.91402
0.91408
0.91414
0.9142
0.91426
0.91432
0.91438
0.91444
0.9145
0.91456
0.91462
0.91468
0.91474
0.9148
0.91486
0.91492
0.91498
0.91504
0.9151
0.91516
0.91522
0.91528
0.91534
0.9154
0.91546
0.91552
0.91558
0.91564
0.9157
0.91576
0.91582
0.91588
0.91594
0.916
0.91606
0.91612
0.91618
0.91624
0.9163
0.91636
0.91642
0.91648
0.91654
0.9166
0.91666
0.91672
0.91678
0.91684
0.9169
0.91696
0.91702
0.91708
0.91714
0.9172
0.91726
0.91732
0.91738
0.91744
0.9175
0.91756
0.91762
0.91768
0.91774
0.9178
0.91786
0.91792
0.91798
0.91804
0.9181
0.91816
0.91822
0.91828
0.91834
0.9184
0.91846
0.91852
0.91858
0.91864
0.9187
0.91876
0.91882
0.91888
0.91894
0.919
0.91906
0.91912
0.91918
0.91924
0.9193
0.91936
0.91942
0.91948
0.91954
0.9196
0.91966
0.91972
0.91978
0.91984
0.9199
0.91996
0.92002
0.92008
0.92014
0.9202
0.92026
0.92032
0.92038
0.92044
0.9205
0.92056
0.92062
0.92068
0.92074
0.9208
0.92086
0.92092
0.92098
0.92104
0.9211
0.92116
0.92122
0.92128
0.92134
0.9214
0.92146
0.92152
0.92158
0.92164
0.9217
0.92176
0.92182
0.92188
0.92194
0.922
0.92206
0.92212
0.92218
0.92224
0.9223
0.92236
0.92242
0.92248
0.92254
0.9226
0.92266
0.92272
0.92278
0.92284
0.9229
0.92296
0.92302
0.92308
0.92314
0.9232
0.92326
0.92332
0.92338
0.92344
0.9235
0.92356
0.92362
0.92368
0.92374
0.9238
0.92386
0.92392
0.92398
0.92404
0.9241
0.92416
0.92422
0.92428
0.92434
0.9244
0.92446
0.92452
0.92458
0.92464
0.9247
0.92476
0.92482
0.92488
0.92494
0.925
0.92506
0.92512
0.92518
0.92524
0.9253
0.92536
0.92542
0.92548
0.92554
0.9256
0.92566
0.92572
0.92578
0.92584
0.9259
0.92596
0.92602
0.92608
0.92614
0.9262
0.92626
0.92632
0.92638
0.92644
0.9265
0.92656
0.92662
0.92668
0.92674
0.9268
0.92686
0.92692
0.92698
0.92704
0.9271
0.92716
0.92722
0.92728
0.92734
0.9274
0.92746
0.92752
0.92758
0.92764
0.9277
0.92776
0.92782
0.92788
0.92794
0.928
0.92806
0.92812
0.92818
0.92824
0.9283
0.92836
0.92842
0.92848
0.92854
0.9286
0.92866
0.92872
0.92878
0.92884
0.9289
0.92896
0.92902
0.92908
0.92914
0.9292
0.92926
0.92932
0.92938
0.92944
0.9295
0.92956
0.92962
0.92968
0.92974
0.9298
0.92986
0.92992
0.92998
0.93004
0.9301
0.93016
0.93022
0.93028
0.93034
0.9304
0.93046
0.93052
0.93058
0.93064
0.9307
0.93076
0.93082
0.93088
0.93094
0.931
0.93106
0.93112
0.93118
0.93124
0.9313
0.93136
0.93142
0.93148
0.93154
0.9316
0.93166
0.93172
0.93178
0.93184
0.9319
0.93196
0.93202
0.93208
0.93214
0.9322
0.93226
0.93232
0.93238
0.93244
0.9325
0.93256
0.93262
0.93268
0.93274
0.9328
0.93286
0.93292
0.93298
0.93304
0.9331
0.93316
0.93322
0.93328
0.93334
0.9334
0.93346
0.93352
0.93358
0.93364
0.9337
0.93376
0.93382
0.93388
0.93394
0.934
0.93406
0.93412
0.93418
0.93424
0.9343
0.93436
0.93442
0.93448
0.93454
0.9346
0.93466
0.93472
0.93478
0.93484
0.9349
0.93496
0.93502
0.93508
0.93514
0.9352
0.93526
0.93532
0.93538
0.93544
0.9355
0.93556
0.93562
0.93568
0.93574
0.9358
0.93586
0.93592
0.93598
0.93604
0.9361
0.93616
0.93622
0.93628
0.93634
0.9364
0.93646
0.93652
0.93658
0.93664
0.9367
0.93676
0.93682
0.93688
0.93694
0.937
0.93706
0.93712
0.93718
0.93724
0.9373
0.93736
0.93742
0.93748
0.93754
0.9376
0.93766
0.93772
0.93778
0.93784
0.9379
0.93796
0.93802
0.93808
0.93814
0.9382
0.93826
0.93832
0.93838
0.93844
0.9385
0.93856
0.93862
0.93868
0.93874
0.9388
0.93886
0.93892
0.93898
0.93904
0.9391
0.93916
0.93922
0.93928
0.93934
0.9394
0.93946
0.93952
0.93958
0.93964
0.9397
0.93976
0.93982
0.93988
0.93994
0.94
0.94006
0.94012
0.94018
0.94024
0.9403
0.94036
0.94042
0.94048
0.94054
0.9406
0.94066
0.94072
0.94078
0.94084
0.9409
0.94096
0.94102
0.94108
0.94114
0.9412
0.94126
0.94132
0.94138
0.94144
0.9415
0.94156
0.94162
0.94168
0.94174
0.9418
0.94186
0.94192
0.94198
0.94204
0.9421
0.94216
0.94222
0.94228
0.94234
0.9424
0.94246
0.94252
0.94258
0.94264
0.9427
0.94276
0.94282
0.94288
0.94294
0.943
0.94306
0.94312
0.94318
0.94324
0.9433
0.94336
0.94342
0.94348
0.94354
0.9436
0.94366
0.94372
0.94378
0.94384
0.9439
0.94396
0.94402
0.94408
0.94414
0.9442
0.94426
0.94432
0.94438
0.94444
0.9445
0.94456
0.94462
0.94468
0.94474
0.9448
0.94486
0.94492
0.94498
0.94504
0.9451
0.94516
0.94522
0.94528
0.94534
0.9454
0.94546
0.94552
0.94558
0.94564
0.9457
0.94576
0.94582
0.94588
0.94594
0.946
0.94606
0.94612
0.94618
0.94624
0.9463
0.94636
0.94642
0.94648
0.94654
0.9466
0.94666
0.94672
0.94678
0.94684
0.9469
0.94696
0.94702
0.94708
0.94714
0.9472
0.94726
0.94732
0.94738
0.94744
0.9475
0.94756
0.94762
0.94768
0.94774
0.9478
0.94786
0.94792
0.94798
0.94804
0.9481
0.94816
0.94822
0.94828
0.94834
0.9484
0.94846
0.94852
0.94858
0.94864
0.9487
0.94876
0.94882
0.94888
0.94894
0.949
0.94906
0.94912
0.94918
0.94924
0.9493
0.94936
0.94942
0.94948
0.94954
0.9496
0.94966
0.94972
0.94978
0.94984
0.9499
0.94996
0.95002
0.95008
0.95014
0.9502
0.95026
0.95032
0.95038
0.95044
0.9505
0.95056
0.95062
0.95068
0.95074
0.9508
0.95086
0.95092
0.95098
0.95104
0.9511
0.95116
0.95122
0.95128
0.95134
0.9514
0.95146
0.95152
0.95158
0.95164
0.9517
0.95176
0.95182
0.95188
0.95194
0.952
0.95206
0.95212
0.95218
0.95224
0.9523
0.95236
0.95242
0.95248
0.95254
0.9526
0.95266
0.95272
0.95278
0.95284
0.9529
0.95296
0.95302
0.95308
0.95314
0.9532
0.95326
0.95332
0.95338
0.95344
0.9535
0.95356
0.95362
0.95368
0.95374
0.9538
0.95386
0.95392
0.95398
0.95404
0.9541
0.95416
0.95422
0.95428
0.95434
0.9544
0.95446
0.95452
0.95458
0.95464
0.9547
0.95476
0.95482
0.95488
0.95494
0.955
0.95506
0.95512
0.95518
0.95524
0.9553
0.95536
0.95542
0.95548
0.95554
0.9556
0.95566
0.95572
0.95578
0.95584
0.9559
0.95596
0.95602
0.95608
0.95614
0.9562
0.95626
0.95632
0.95638
0.95644
0.9565
0.95656
0.95662
0.95668
0.95674
0.9568
0.95686
0.95692
0.95698
0.95704
0.9571
0.95716
0.95722
0.95728
0.95734
0.9574
0.95746
0.95752
0.95758
0.95764
0.9577
0.95776
0.95782
0.95788
0.95794
0.958
0.95806
0.95812
0.95818
0.95824
0.9583
0.95836
0.95842
0.95848
0.95854
0.9586
0.95866
0.95872
0.95878
0.95884
0.9589
0.95896
0.95902
0.95908
0.95914
0.9592
0.95926
0.95932
0.95938
0.95944
0.9595
0.95956
0.95962
0.95968
0.95974
0.9598
0.95986
0.95992
0.95998
0.96004
0.9601
0.96016
0.96022
0.96028
0.96034
0.9604
0.96046
0.96052
0.96058
0.96064
0.9607
0.96076
0.96082
0.96088
0.96094
0.961
0.96106
0.96112
0.96118
0.96124
0.9613
0.96136
0.96142
0.96148
0.96154
0.9616
0.96166
0.96172
0.96178
0.96184
0.9619
0.96196
0.96202
0.96208
0.96214
0.9622
0.96226
0.96232
0.96238
0.96244
0.9625
0.96256
0.96262
0.96268
0.96274
0.9628
0.96286
0.96292
0.96298
0.96304
0.9631
0.96316
0.96322
0.96328
0.96334
0.9634
0.96346
0.96352
0.96358
0.96364
0.9637
0.96376
0.96382
0.96388
0.96394
0.964
0.96406
0.96412
0.96418
0.96424
0.9643
0.96436
0.96442
0.96448
0.96454
0.9646
0.96466
0.96472
0.96478
0.96484
0.9649
0.96496
0.96502
0.96508
0.96514
0.9652
0.96526
0.96532
0.96538
0.96544
0.9655
0.96556
0.96562
0.96568
0.96574
0.9658
0.96586
0.96592
0.96598
0.96604
0.9661
0.96616
0.96622
0.96628
0.96634
0.9664
0.96646
0.96652
0.96658
0.96664
0.9667
0.96676
0.96682
0.96688
0.96694
0.967
0.96706
0.96712
0.96718
0.96724
0.9673
0.96736
0.96742
0.96748
0.96754
0.9676
0.96766
0.96772
0.96778
0.96784
0.9679
0.96796
0.96802
0.96808
0.96814
0.9682
0.96826
0.96832
0.96838
0.96844
0.9685
0.96856
0.96862
0.96868
0.96874
0.9688
0.96886
0.96892
0.96898
0.96904
0.9691
0.96916
0.96922
0.96928
0.96934
0.9694
0.96946
0.96952
0.96958
0.96964
0.9697
0.96976
0.96982
0.96988
0.96994
0.97
0.97006
0.97012
0.97018
0.97024
0.9703
0.97036
0.97042
0.97048
0.97054
0.9706
0.97066
0.97072
0.97078
0.97084
0.9709
0.97096
0.97102
0.97108
0.97114
0.9712
0.97126
0.97132
0.97138
0.97144
0.9715
0.97156
0.97162
0.97168
0.97174
0.9718
0.97186
0.97192
0.97198
0.97204
0.9721
0.97216
0.97222
0.97228
0.97234
0.9724
0.97246
0.97252
0.97258
0.97264
0.9727
0.97276
0.97282
0.97288
0.97294
0.973
0.97306
0.97312
0.97318
0.97324
0.9733
0.97336
0.97342
0.97348
0.97354
0.9736
0.97366
0.97372
0.97378
0.97384
0.9739
0.97396
0.97402
0.97408
0.97414
0.9742
0.97426
0.97432
0.97438
0.97444
0.9745
0.97456
0.97462
0.97468
0.97474
0.9748
0.97486
0.97492
0.97498
0.97504
0.9751
0.97516
0.97522
0.97528
0.97534
0.9754
0.97546
0.97552
0.97558
0.97564
0.9757
0.97576
0.97582
0.97588
0.97594
0.976
0.97606
0.97612
0.97618
0.97624
0.9763
0.97636
0.97642
0.97648
0.97654
0.9766
0.97666
0.97672
0.97678
0.97684
0.9769
0.97696
0.97702
0.97708
0.97714
0.9772
0.97726
0.97732
0.97738
0.97744
0.9775
0.97756
0.97762
0.97768
0.97774
0.9778
0.97786
0.97792
0.97798
0.97804
0.9781
0.97816
0.97822
0.97828
0.97834
0.9784
0.97846
0.97852
0.97858
0.97864
0.9787
0.97876
0.97882
0.97888
0.97894
0.979
0.97906
0.97912
0.97918
0.97924
0.9793
0.97936
0.97942
0.97948
0.97954
0.9796
0.97966
0.97972
0.97978
0.97984
0.9799
0.97996
0.98002
0.98008
0.98014
0.9802
0.98026
0.98032
0.98038
0.98044
0.9805
0.98056
0.98062
0.98068
0.98074
0.9808
0.98086
0.98092
0.98098
0.98104
0.9811
0.98116
0.98122
0.98128
0.98134
0.9814
0.98146
0.98152
0.98158
0.98164
0.9817
0.98176
0.98182
0.98188
0.98194
0.982
0.98206
0.98212
0.98218
0.98224
0.9823
0.98236
0.98242
0.98248
0.98254
0.9826
0.98266
0.98272
0.98278
0.98284
0.9829
0.98296
0.98302
0.98308
0.98314
0.9832
0.98326
0.98332
0.98338
0.98344
0.9835
0.98356
0.98362
0.98368
0.98374
0.9838
0.98386
0.98392
0.98398
0.98404
0.9841
0.98416
0.98422
0.98428
0.98434
0.9844
0.98446
0.98452
0.98458
0.98464
0.9847
0.98476
0.98482
0.98488
0.98494
0.985
0.98506
0.98512
0.98518
0.98524
0.9853
0.98536
0.98542
0.98548
0.98554
0.9856
0.98566
0.98572
0.98578
0.98584
0.9859
0.98596
0.98602
0.98608
0.98614
0.9862
0.98626
0.98632
0.98638
0.98644
0.9865
0.98656
0.98662
0.98668
0.98674
0.9868
0.98686
0.98692
0.98698
0.98704
0.9871
0.98716
0.98722
0.98728
0.98734
0.9874
0.98746
0.98752
0.98758
0.98764
0.9877
0.98776
0.98782
0.98788
0.98794
0.988
0.98806
0.98812
0.98818
0.98824
0.9883
0.98836
0.98842
0.98848
0.98854
0.9886
0.98866
0.98872
0.98878
0.98884
0.9889
0.98896
0.98902
0.98908
0.98914
0.9892
0.98926
0.98932
0.98938
0.98944
0.9895
0.98956
0.98962
0.98968
0.98974
0.9898
0.98986
0.98992
0.98998
0.99004
0.9901
0.99016
0.99022
0.99028
0.99034
0.9904
0.99046
0.99052
0.99058
0.99064
0.9907
0.99076
0.99082
0.99088
0.99094
0.991
0.99106
0.99112
0.99118
0.99124
0.9913
0.99136
0.99142
0.99148
0.99154
0.9916
0.99166
0.99172
0.99178
0.99184
0.9919
0.99196
0.99202
0.99208
0.99214
0.9922
0.99226
0.99232
0.99238
0.99244
0.9925
0.99256
0.99262
0.99268
0.99274
0.9928
0.99286
0.99292
0.99298
0.99304
0.9931
0.99316
0.99322
0.99328
0.99334
0.9934
0.99346
0.99352
0.99358
0.99364
0.9937
0.99376
0.99382
0.99388
0.99394
0.994
0.99406
0.99412
0.99418
0.99424
0.9943
0.99436
0.99442
0.99448
0.99454
0.9946
0.99466
0.99472
0.99478
0.99484
0.9949
0.99496
0.99502
0.99508
0.99514
0.9952
0.99526
0.99532
0.99538
0.99544
0.9955
0.99556
0.99562
0.99568
0.99574
0.9958
0.99586
0.99592
0.99598
0.99604
0.9961
0.99616
0.99622
0.99628
0.99634
0.9964
0.99646
0.99652
0.99658
0.99664
0.9967
0.99676
0.99682
0.99688
0.99694
0.997
0.99706
0.99712
0.99718
0.99724
0.9973
0.99736
0.99742
0.99748
0.99754
0.9976
0.99766
0.99772
0.99778
0.99784
0.9979
0.99796
0.99802
0.99808
0.99814
0.9982
0.99826
0.99832
0.99838
0.99844
0.9985
0.99856
0.99862
0.99868
0.99874
0.9988
0.99886
0.99892
0.99898
0.99904
0.9991
0.99916
0.99922
0.99928
0.99934
0.9994
0.99946
0.99952
0.99958
0.99964
0.9997
0.99976
0.99982
0.99988
0.99994
1
1.00006
1.00012
1.00018
1.00024
1.0003
1.00036
1.00042
1.00048
1.00054
1.0006
1.00066
1.00072
1.00078
1.00084
1.0009
1.00096
1.00102
1.00108
1.00114
1.0012
1.00126
1.00132
1.00138
1.00144
1.0015
1.00156
1.00162
1.00168
1.00174
1.0018
1.00186
1.00192
1.00198
1.00204
1.0021
1.00216
1.00222
1.00228
1.00234
1.0024
1.00246
1.00252
1.00258
1.00264
1.0027
1.00276
1.00282
1.00288
1.00294
1.003
1.00306
1.00312
1.00318
1.00324
1.0033
1.00336
1.00342
1.00348
1.00354
1.0036
1.00366
1.00372
1.00378
1.00384
1.0039
1.00396
1.00402
1.00408
1.00414
1.0042
1.00426
1.00432
1.00438
1.00444
1.0045
1.00456
1.00462
1.00468
1.00474
1.0048
1.00486
1.00492
1.00498
1.00504
1.0051
1.00516
1.00522
1.00528
1.00534
1.0054
1.00546
1.00552
1.00558
1.00564
1.0057
1.00576
1.00582
1.00588
1.00594
1.006
1.00606
1.00612
1.00618
1.00624
1.0063
1.00636
1.00642
1.00648
1.00654
1.0066
1.00666
1.00672
1.00678
1.00684
1.0069
1.00696
1.00702
1.00708
1.00714
1.0072
1.00726
1.00732
1.00738
1.00744
1.0075
1.00756
1.00762
1.00768
1.00774
1.0078
1.00786
1.00792
1.00798
1.00804
1.0081
1.00816
1.00822
1.00828
1.00834
1.0084
1.00846
1.00852
1.00858
1.00864
1.0087
1.00876
1.00882
1.00888
1.00894
1.009
1.00906
1.00912
1.00918
1.00924
1.0093
1.00936
1.00942
1.00948
1.00954
1.0096
1.00966
1.00972
1.00978
1.00984
1.0099
1.00996
1.01002
1.01008
1.01014
1.0102
1.01026
1.01032
1.01038
1.01044
1.0105
1.01056
1.01062
1.01068
1.01074
1.0108
1.01086
1.01092
1.01098
1.01104
1.0111
1.01116
1.01122
1.01128
1.01134
1.0114
1.01146
1.01152
1.01158
1.01164
1.0117
1.01176
1.01182
1.01188
1.01194
1.012
1.01206
1.01212
1.01218
1.01224
1.0123
1.01236
1.01242
1.01248
1.01254
1.0126
1.01266
1.01272
1.01278
1.01284
1.0129
1.01296
1.01302
1.01308
1.01314
1.0132
1.01326
1.01332
1.01338
1.01344
1.0135
1.01356
1.01362
1.01368
1.01374
1.0138
1.01386
1.01392
1.01398
1.01404
1.0141
1.01416
1.01422
1.01428
1.01434
1.0144
1.01446
1.01452
1.01458
1.01464
1.0147
1.01476
1.01482
1.01488
1.01494
1.015
1.01506
1.01512
1.01518
1.01524
1.0153
1.01536
1.01542
1.01548
1.01554
1.0156
1.01566
1.01572
1.01578
1.01584
1.0159
1.01596
1.01602
1.01608
1.01614
1.0162
1.01626
1.01632
1.01638
1.01644
1.0165
1.01656
1.01662
1.01668
1.01674
1.0168
1.01686
1.01692
1.01698
1.01704
1.0171
1.01716
1.01722
1.01728
1.01734
1.0174
1.01746
1.01752
1.01758
1.01764
1.0177
1.01776
1.01782
1.01788
1.01794
1.018
1.01806
1.01812
1.01818
1.01824
1.0183
1.01836
1.01842
1.01848
1.01854
1.0186
1.01866
1.01872
1.01878
1.01884
1.0189
1.01896
1.01902
1.01908
1.01914
1.0192
1.01926
1.01932
1.01938
1.01944
1.0195
1.01956
1.01962
1.01968
1.01974
1.0198
1.01986
1.01992
1.01998
1.02004
1.0201
1.02016
1.02022
1.02028
1.02034
1.0204
1.02046
1.02052
1.02058
1.02064
1.0207
1.02076
1.02082
1.02088
1.02094
1.021
1.02106
1.02112
1.02118
1.02124
1.0213
1.02136
1.02142
1.02148
1.02154
1.0216
1.02166
1.02172
1.02178
1.02184
1.0219
1.02196
1.02202
1.02208
1.02214
1.0222
1.02226
1.02232
1.02238
1.02244
1.0225
1.02256
1.02262
1.02268
1.02274
1.0228
1.02286
1.02292
1.02298
1.02304
1.0231
1.02316
1.02322
1.02328
1.02334
1.0234
1.02346
1.02352
1.02358
1.02364
1.0237
1.02376
1.02382
1.02388
1.02394
1.024
1.02406
1.02412
1.02418
1.02424
1.0243
1.02436
1.02442
1.02448
1.02454
1.0246
1.02466
1.02472
1.02478
1.02484
1.0249
1.02496
1.02502
1.02508
1.02514
1.0252
1.02526
1.02532
1.02538
1.02544
1.0255
1.02556
1.02562
1.02568
1.02574
1.0258
1.02586
1.02592
1.02598
1.02604
1.0261
1.02616
1.02622
1.02628
1.02634
1.0264
1.02646
1.02652
1.02658
1.02664
1.0267
1.02676
1.02682
1.02688
1.02694
1.027
1.02706
1.02712
1.02718
1.02724
1.0273
1.02736
1.02742
1.02748
1.02754
1.0276
1.02766
1.02772
1.02778
1.02784
1.0279
1.02796
1.02802
1.02808
1.02814
1.0282
1.02826
1.02832
1.02838
1.02844
1.0285
1.02856
1.02862
1.02868
1.02874
1.0288
1.02886
1.02892
1.02898
1.02904
1.0291
1.02916
1.02922
1.02928
1.02934
1.0294
1.02946
1.02952
1.02958
1.02964
1.0297
1.02976
1.02982
1.02988
1.02994
1.03
1.03006
1.03012
1.03018
1.03024
1.0303
1.03036
1.03042
1.03048
1.03054
1.0306
1.03066
1.03072
1.03078
1.03084
1.0309
1.03096
1.03102
1.03108
1.03114
1.0312
1.03126
1.03132
1.03138
1.03144
1.0315
1.03156
1.03162
1.03168
1.03174
1.0318
1.03186
1.03192
1.03198
1.03204
1.0321
1.03216
1.03222
1.03228
1.03234
1.0324
1.03246
1.03252
1.03258
1.03264
1.0327
1.03276
1.03282
1.03288
1.03294
1.033
1.03306
1.03312
1.03318
1.03324
1.0333
1.03336
1.03342
1.03348
1.03354
1.0336
1.03366
1.03372
1.03378
1.03384
1.0339
1.03396
1.03402
1.03408
1.03414
1.0342
1.03426
1.03432
1.03438
1.03444
1.0345
1.03456
1.03462
1.03468
1.03474
1.0348
1.03486
1.03492
1.03498
1.03504
1.0351
1.03516
1.03522
1.03528
1.03534
1.0354
1.03546
1.03552
1.03558
1.03564
1.0357
1.03576
1.03582
1.03588
1.03594
1.036
1.03606
1.03612
1.03618
1.03624
1.0363
1.03636
1.03642
1.03648
1.03654
1.0366
1.03666
1.03672
1.03678
1.03684
1.0369
1.03696
1.03702
1.03708
1.03714
1.0372
1.03726
1.03732
1.03738
1.03744
1.0375
1.03756
1.03762
1.03768
1.03774
1.0378
1.03786
1.03792
1.03798
1.03804
1.0381
1.03816
1.03822
1.03828
1.03834
1.0384
1.03846
1.03852
1.03858
1.03864
1.0387
1.03876
1.03882
1.03888
1.03894
1.039
1.03906
1.03912
1.03918
1.03924
1.0393
1.03936
1.03942
1.03948
1.03954
1.0396
1.03966
1.03972
1.03978
1.03984
1.0399
1.03996
1.04002
1.04008
1.04014
1.0402
1.04026
1.04032
1.04038
1.04044
1.0405
1.04056
1.04062
1.04068
1.04074
1.0408
1.04086
1.04092
1.04098
1.04104
1.0411
1.04116
1.04122
1.04128
1.04134
1.0414
1.04146
1.04152
1.04158
1.04164
1.0417
1.04176
1.04182
1.04188
1.04194
1.042
1.04206
1.04212
1.04218
1.04224
1.0423
1.04236
1.04242
1.04248
1.04254
1.0426
1.04266
1.04272
1.04278
1.04284
1.0429
1.04296
1.04302
1.04308
1.04314
1.0432
1.04326
1.04332
1.04338
1.04344
1.0435
1.04356
1.04362
1.04368
1.04374
1.0438
1.04386
1.04392
1.04398
1.04404
1.0441
1.04416
1.04422
1.04428
1.04434
1.0444
1.04446
1.04452
1.04458
1.04464
1.0447
1.04476
1.04482
1.04488
1.04494
1.045
1.04506
1.04512
1.04518
1.04524
1.0453
1.04536
1.04542
1.04548
1.04554
1.0456
1.04566
1.04572
1.04578
1.04584
1.0459
1.04596
1.04602
1.04608
1.04614
1.0462
1.04626
1.04632
1.04638
1.04644
1.0465
1.04656
1.04662
1.04668
1.04674
1.0468
1.04686
1.04692
1.04698
1.04704
1.0471
1.04716
1.04722
1.04728
1.04734
1.0474
1.04746
1.04752
1.04758
1.04764
1.0477
1.04776
1.04782
1.04788
1.04794
1.048
1.04806
1.04812
1.04818
1.04824
1.0483
1.04836
1.04842
1.04848
1.04854
1.0486
1.04866
1.04872
1.04878
1.04884
1.0489
1.04896
1.04902
1.04908
1.04914
1.0492
1.04926
1.04932
1.04938
1.04944
1.0495
1.04956
1.04962
1.04968
1.04974
1.0498
1.04986
1.04992
1.04998
1.05004
1.0501
1.05016
1.05022
1.05028
1.05034
1.0504
1.05046
1.05052
1.05058
1.05064
1.0507
1.05076
1.05082
1.05088
1.05094
1.051
1.05106
1.05112
1.05118
1.05124
1.0513
1.05136
1.05142
1.05148
1.05154
1.0516
1.05166
1.05172
1.05178
1.05184
1.0519
1.05196
1.05202
1.05208
1.05214
1.0522
1.05226
1.05232
1.05238
1.05244
1.0525
1.05256
1.05262
1.05268
1.05274
1.0528
1.05286
1.05292
1.05298
1.05304
1.0531
1.05316
1.05322
1.05328
1.05334
1.0534
1.05346
1.05352
1.05358
1.05364
1.0537
1.05376
1.05382
1.05388
1.05394
1.054
1.05406
1.05412
1.05418
1.05424
1.0543
1.05436
1.05442
1.05448
1.05454
1.0546
1.05466
1.05472
1.05478
1.05484
1.0549
1.05496
1.05502
1.05508
1.05514
1.0552
1.05526
1.05532
1.05538
1.05544
1.0555
1.05556
1.05562
1.05568
1.05574
1.0558
1.05586
1.05592
1.05598
1.05604
1.0561
1.05616
1.05622
1.05628
1.05634
1.0564
1.05646
1.05652
1.05658
1.05664
1.0567
1.05676
1.05682
1.05688
1.05694
1.057
1.05706
1.05712
1.05718
1.05724
1.0573
1.05736
1.05742
1.05748
1.05754
1.0576
1.05766
1.05772
1.05778
1.05784
1.0579
1.05796
1.05802
1.05808
1.05814
1.0582
1.05826
1.05832
1.05838
1.05844
1.0585
1.05856
1.05862
1.05868
1.05874
1.0588
1.05886
1.05892
1.05898
1.05904
1.0591
1.05916
1.05922
1.05928
1.05934
1.0594
1.05946
1.05952
1.05958
1.05964
1.0597
1.05976
1.05982
1.05988
1.05994
1.06
1.06006
1.06012
1.06018
1.06024
1.0603
1.06036
1.06042
1.06048
1.06054
1.0606
1.06066
1.06072
1.06078
1.06084
1.0609
1.06096
1.06102
1.06108
1.06114
1.0612
1.06126
1.06132
1.06138
1.06144
1.0615
1.06156
1.06162
1.06168
1.06174
1.0618
1.06186
1.06192
1.06198
1.06204
1.0621
1.06216
1.06222
1.06228
1.06234
1.0624
1.06246
1.06252
1.06258
1.06264
1.0627
1.06276
1.06282
1.06288
1.06294
1.063
1.06306
1.06312
1.06318
1.06324
1.0633
1.06336
1.06342
1.06348
1.06354
1.0636
1.06366
1.06372
1.06378
1.06384
1.0639
1.06396
1.06402
1.06408
1.06414
1.0642
1.06426
1.06432
1.06438
1.06444
1.0645
1.06456
1.06462
1.06468
1.06474
1.0648
1.06486
1.06492
1.06498
1.06504
1.0651
1.06516
1.06522
1.06528
1.06534
1.0654
1.06546
1.06552
1.06558
1.06564
1.0657
1.06576
1.06582
1.06588
1.06594
1.066
1.06606
1.06612
1.06618
1.06624
1.0663
1.06636
1.06642
1.06648
1.06654
1.0666
1.06666
1.06672
1.06678
1.06684
1.0669
1.06696
1.06702
1.06708
1.06714
1.0672
1.06726
1.06732
1.06738
1.06744
1.0675
1.06756
1.06762
1.06768
1.06774
1.0678
1.06786
1.06792
1.06798
1.06804
1.0681
1.06816
1.06822
1.06828
1.06834
1.0684
1.06846
1.06852
1.06858
1.06864
1.0687
1.06876
1.06882
1.06888
1.06894
1.069
1.06906
1.06912
1.06918
1.06924
1.0693
1.06936
1.06942
1.06948
1.06954
1.0696
1.06966
1.06972
1.06978
1.06984
1.0699
1.06996
1.07002
1.07008
1.07014
1.0702
1.07026
1.07032
1.07038
1.07044
1.0705
1.07056
1.07062
1.07068
1.07074
1.0708
1.07086
1.07092
1.07098
1.07104
1.0711
1.07116
1.07122
1.07128
1.07134
1.0714
1.07146
1.07152
1.07158
1.07164
1.0717
1.07176
1.07182
1.07188
1.07194
1.072
1.07206
1.07212
1.07218
1.07224
1.0723
1.07236
1.07242
1.07248
1.07254
1.0726
1.07266
1.07272
1.07278
1.07284
1.0729
1.07296
1.07302
1.07308
1.07314
1.0732
1.07326
1.07332
1.07338
1.07344
1.0735
1.07356
1.07362
1.07368
1.07374
1.0738
1.07386
1.07392
1.07398
1.07404
1.0741
1.07416
1.07422
1.07428
1.07434
1.0744
1.07446
1.07452
1.07458
1.07464
1.0747
1.07476
1.07482
1.07488
1.07494
1.075
1.07506
1.07512
1.07518
1.07524
1.0753
1.07536
1.07542
1.07548
1.07554
1.0756
1.07566
1.07572
1.07578
1.07584
1.0759
1.07596
1.07602
1.07608
1.07614
1.0762
1.07626
1.07632
1.07638
1.07644
1.0765
1.07656
1.07662
1.07668
1.07674
1.0768
1.07686
1.07692
1.07698
1.07704
1.0771
1.07716
1.07722
1.07728
1.07734
1.0774
1.07746
1.07752
1.07758
1.07764
1.0777
1.07776
1.07782
1.07788
1.07794
1.078
1.07806
1.07812
1.07818
1.07824
1.0783
1.07836
1.07842
1.07848
1.07854
1.0786
1.07866
1.07872
1.07878
1.07884
1.0789
1.07896
1.07902
1.07908
1.07914
1.0792
1.07926
1.07932
1.07938
1.07944
1.0795
1.07956
1.07962
1.07968
1.07974
1.0798
1.07986
1.07992
1.07998
1.08004
1.0801
1.08016
1.08022
1.08028
1.08034
1.0804
1.08046
1.08052
1.08058
1.08064
1.0807
1.08076
1.08082
1.08088
1.08094
1.081
1.08106
1.08112
1.08118
1.08124
1.0813
1.08136
1.08142
1.08148
1.08154
1.0816
1.08166
1.08172
1.08178
1.08184
1.0819
1.08196
1.08202
1.08208
1.08214
1.0822
1.08226
1.08232
1.08238
1.08244
1.0825
1.08256
1.08262
1.08268
1.08274
1.0828
1.08286
1.08292
1.08298
1.08304
1.0831
1.08316
1.08322
1.08328
1.08334
1.0834
1.08346
1.08352
1.08358
1.08364
1.0837
1.08376
1.08382
1.08388
1.08394
1.084
1.08406
1.08412
1.08418
1.08424
1.0843
1.08436
1.08442
1.08448
1.08454
1.0846
1.08466
1.08472
1.08478
1.08484
1.0849
1.08496
1.08502
1.08508
1.08514
1.0852
1.08526
1.08532
1.08538
1.08544
1.0855
1.08556
1.08562
1.08568
1.08574
1.0858
1.08586
1.08592
1.08598
1.08604
1.0861
1.08616
1.08622
1.08628
1.08634
1.0864
1.08646
1.08652
1.08658
1.08664
1.0867
1.08676
1.08682
1.08688
1.08694
1.087
1.08706
1.08712
1.08718
1.08724
1.0873
1.08736
1.08742
1.08748
1.08754
1.0876
1.08766
1.08772
1.08778
1.08784
1.0879
1.08796
1.08802
1.08808
1.08814
1.0882
1.08826
1.08832
1.08838
1.08844
1.0885
1.08856
1.08862
1.08868
1.08874
1.0888
1.08886
1.08892
1.08898
1.08904
1.0891
1.08916
1.08922
1.08928
1.08934
1.0894
1.08946
1.08952
1.08958
1.08964
1.0897
1.08976
1.08982
1.08988
1.08994
1.09
1.09006
1.09012
1.09018
1.09024
1.0903
1.09036
1.09042
1.09048
1.09054
1.0906
1.09066
1.09072
1.09078
1.09084
1.0909
1.09096
1.09102
1.09108
1.09114
1.0912
1.09126
1.09132
1.09138
1.09144
1.0915
1.09156
1.09162
1.09168
1.09174
1.0918
1.09186
1.09192
1.09198
1.09204
1.0921
1.09216
1.09222
1.09228
1.09234
1.0924
1.09246
1.09252
1.09258
1.09264
1.0927
1.09276
1.09282
1.09288
1.09294
1.093
1.09306
1.09312
1.09318
1.09324
1.0933
1.09336
1.09342
1.09348
1.09354
1.0936
1.09366
1.09372
1.09378
1.09384
1.0939
1.09396
1.09402
1.09408
1.09414
1.0942
1.09426
1.09432
1.09438
1.09444
1.0945
1.09456
1.09462
1.09468
1.09474
1.0948
1.09486
1.09492
1.09498
1.09504
1.0951
1.09516
1.09522
1.09528
1.09534
1.0954
1.09546
1.09552
1.09558
1.09564
1.0957
1.09576
1.09582
1.09588
1.09594
1.096
1.09606
1.09612
1.09618
1.09624
1.0963
1.09636
1.09642
1.09648
1.09654
1.0966
1.09666
1.09672
1.09678
1.09684
1.0969
1.09696
1.09702
1.09708
1.09714
1.0972
1.09726
1.09732
1.09738
1.09744
1.0975
1.09756
1.09762
1.09768
1.09774
1.0978
1.09786
1.09792
1.09798
1.09804
1.0981
1.09816
1.09822
1.09828
1.09834
1.0984
1.09846
1.09852
1.09858
1.09864
1.0987
1.09876
1.09882
1.09888
1.09894
1.099
1.09906
1.09912
1.09918
1.09924
1.0993
1.09936
1.09942
1.09948
1.09954
1.0996
1.09966
1.09972
1.09978
1.09984
1.0999
1.09996
1.10002
1.10008
1.10014
1.1002
1.10026
1.10032
1.10038
1.10044
1.1005
1.10056
1.10062
1.10068
1.10074
1.1008
1.10086
1.10092
1.10098
1.10104
1.1011
1.10116
1.10122
1.10128
1.10134
1.1014
1.10146
1.10152
1.10158
1.10164
1.1017
1.10176
1.10182
1.10188
1.10194
1.102
1.10206
1.10212
1.10218
1.10224
1.1023
1.10236
1.10242
1.10248
1.10254
1.1026
1.10266
1.10272
1.10278
1.10284
1.1029
1.10296
1.10302
1.10308
1.10314
1.1032
1.10326
1.10332
1.10338
1.10344
1.1035
1.10356
1.10362
1.10368
1.10374
1.1038
1.10386
1.10392
1.10398
1.10404
1.1041
1.10416
1.10422
1.10428
1.10434
1.1044
1.10446
1.10452
1.10458
1.10464
1.1047
1.10476
1.10482
1.10488
1.10494
1.105
1.10506
1.10512
1.10518
1.10524
1.1053
1.10536
1.10542
1.10548
1.10554
1.1056
1.10566
1.10572
1.10578
1.10584
1.1059
1.10596
1.10602
1.10608
1.10614
1.1062
1.10626
1.10632
1.10638
1.10644
1.1065
1.10656
1.10662
1.10668
1.10674
1.1068
1.10686
1.10692
1.10698
1.10704
1.1071
1.10716
1.10722
1.10728
1.10734
1.1074
1.10746
1.10752
1.10758
1.10764
1.1077
1.10776
1.10782
1.10788
1.10794
1.108
1.10806
1.10812
1.10818
1.10824
1.1083
1.10836
1.10842
1.10848
1.10854
1.1086
1.10866
1.10872
1.10878
1.10884
1.1089
1.10896
1.10902
1.10908
1.10914
1.1092
1.10926
1.10932
1.10938
1.10944
1.1095
1.10956
1.10962
1.10968
1.10974
1.1098
1.10986
1.10992
1.10998
1.11004
1.1101
1.11016
1.11022
1.11028
1.11034
1.1104
1.11046
1.11052
1.11058
1.11064
1.1107
1.11076
1.11082
1.11088
1.11094
1.111
1.11106
1.11112
1.11118
1.11124
1.1113
1.11136
1.11142
1.11148
1.11154
1.1116
1.11166
1.11172
1.11178
1.11184
1.1119
1.11196
1.11202
1.11208
1.11214
1.1122
1.11226
1.11232
1.11238
1.11244
1.1125
1.11256
1.11262
1.11268
1.11274
1.1128
1.11286
1.11292
1.11298
1.11304
1.1131
1.11316
1.11322
1.11328
1.11334
1.1134
1.11346
1.11352
1.11358
1.11364
1.1137
1.11376
1.11382
1.11388
1.11394
1.114
1.11406
1.11412
1.11418
1.11424
1.1143
1.11436
1.11442
1.11448
1.11454
1.1146
1.11466
1.11472
1.11478
1.11484
1.1149
1.11496
1.11502
1.11508
1.11514
1.1152
1.11526
1.11532
1.11538
1.11544
1.1155
1.11556
1.11562
1.11568
1.11574
1.1158
1.11586
1.11592
1.11598
1.11604
1.1161
1.11616
1.11622
1.11628
1.11634
1.1164
1.11646
1.11652
1.11658
1.11664
1.1167
1.11676
1.11682
1.11688
1.11694
1.117
1.11706
1.11712
1.11718
1.11724
1.1173
1.11736
1.11742
1.11748
1.11754
1.1176
1.11766
1.11772
1.11778
1.11784
1.1179
1.11796
1.11802
1.11808
1.11814
1.1182
1.11826
1.11832
1.11838
1.11844
1.1185
1.11856
1.11862
1.11868
1.11874
1.1188
1.11886
1.11892
1.11898
1.11904
1.1191
1.11916
1.11922
1.11928
1.11934
1.1194
1.11946
1.11952
1.11958
1.11964
1.1197
1.11976
1.11982
1.11988
1.11994
1.12
1.12006
1.12012
1.12018
1.12024
1.1203
1.12036
1.12042
1.12048
1.12054
1.1206
1.12066
1.12072
1.12078
1.12084
1.1209
1.12096
1.12102
1.12108
1.12114
1.1212
1.12126
1.12132
1.12138
1.12144
1.1215
1.12156
1.12162
1.12168
1.12174
1.1218
1.12186
1.12192
1.12198
1.12204
1.1221
1.12216
1.12222
1.12228
1.12234
1.1224
1.12246
1.12252
1.12258
1.12264
1.1227
1.12276
1.12282
1.12288
1.12294
1.123
1.12306
1.12312
1.12318
1.12324
1.1233
1.12336
1.12342
1.12348
1.12354
1.1236
1.12366
1.12372
1.12378
1.12384
1.1239
1.12396
1.12402
1.12408
1.12414
1.1242
1.12426
1.12432
1.12438
1.12444
1.1245
1.12456
1.12462
1.12468
1.12474
1.1248
1.12486
1.12492
1.12498
1.12504
1.1251
1.12516
1.12522
1.12528
1.12534
1.1254
1.12546
1.12552
1.12558
1.12564
1.1257
1.12576
1.12582
1.12588
1.12594
1.126
1.12606
1.12612
1.12618
1.12624
1.1263
1.12636
1.12642
1.12648
1.12654
1.1266
1.12666
1.12672
1.12678
1.12684
1.1269
1.12696
1.12702
1.12708
1.12714
1.1272
1.12726
1.12732
1.12738
1.12744
1.1275
1.12756
1.12762
1.12768
1.12774
1.1278
1.12786
1.12792
1.12798
1.12804
1.1281
1.12816
1.12822
1.12828
1.12834
1.1284
1.12846
1.12852
1.12858
1.12864
1.1287
1.12876
1.12882
1.12888
1.12894
1.129
1.12906
1.12912
1.12918
1.12924
1.1293
1.12936
1.12942
1.12948
1.12954
1.1296
1.12966
1.12972
1.12978
1.12984
1.1299
1.12996
1.13002
1.13008
1.13014
1.1302
1.13026
1.13032
1.13038
1.13044
1.1305
1.13056
1.13062
1.13068
1.13074
1.1308
1.13086
1.13092
1.13098
1.13104
1.1311
1.13116
1.13122
1.13128
1.13134
1.1314
1.13146
1.13152
1.13158
1.13164
1.1317
1.13176
1.13182
1.13188
1.13194
1.132
1.13206
1.13212
1.13218
1.13224
1.1323
1.13236
1.13242
1.13248
1.13254
1.1326
1.13266
1.13272
1.13278
1.13284
1.1329
1.13296
1.13302
1.13308
1.13314
1.1332
1.13326
1.13332
1.13338
1.13344
1.1335
1.13356
1.13362
1.13368
1.13374
1.1338
1.13386
1.13392
1.13398
1.13404
1.1341
1.13416
1.13422
1.13428
1.13434
1.1344
1.13446
1.13452
1.13458
1.13464
1.1347
1.13476
1.13482
1.13488
1.13494
1.135
1.13506
1.13512
1.13518
1.13524
1.1353
1.13536
1.13542
1.13548
1.13554
1.1356
1.13566
1.13572
1.13578
1.13584
1.1359
1.13596
1.13602
1.13608
1.13614
1.1362
1.13626
1.13632
1.13638
1.13644
1.1365
1.13656
1.13662
1.13668
1.13674
1.1368
1.13686
1.13692
1.13698
1.13704
1.1371
1.13716
1.13722
1.13728
1.13734
1.1374
1.13746
1.13752
1.13758
1.13764
1.1377
1.13776
1.13782
1.13788
1.13794
1.138
1.13806
1.13812
1.13818
1.13824
1.1383
1.13836
1.13842
1.13848
1.13854
1.1386
1.13866
1.13872
1.13878
1.13884
1.1389
1.13896
1.13902
1.13908
1.13914
1.1392
1.13926
1.13932
1.13938
1.13944
1.1395
1.13956
1.13962
1.13968
1.13974
1.1398
1.13986
1.13992
1.13998
1.14004
1.1401
1.14016
1.14022
1.14028
1.14034
1.1404
1.14046
1.14052
1.14058
1.14064
1.1407
1.14076
1.14082
1.14088
1.14094
1.141
1.14106
1.14112
1.14118
1.14124
1.1413
1.14136
1.14142
1.14148
1.14154
1.1416
1.14166
1.14172
1.14178
1.14184
1.1419
1.14196
1.14202
1.14208
1.14214
1.1422
1.14226
1.14232
1.14238
1.14244
1.1425
1.14256
1.14262
1.14268
1.14274
1.1428
1.14286
1.14292
1.14298
1.14304
1.1431
1.14316
1.14322
1.14328
1.14334
1.1434
1.14346
1.14352
1.14358
1.14364
1.1437
1.14376
1.14382
1.14388
1.14394
1.144
1.14406
1.14412
1.14418
1.14424
1.1443
1.14436
1.14442
1.14448
1.14454
1.1446
1.14466
1.14472
1.14478
1.14484
1.1449
1.14496
1.14502
1.14508
1.14514
1.1452
1.14526
1.14532
1.14538
1.14544
1.1455
1.14556
1.14562
1.14568
1.14574
1.1458
1.14586
1.14592
1.14598
1.14604
1.1461
1.14616
1.14622
1.14628
1.14634
1.1464
1.14646
1.14652
1.14658
1.14664
1.1467
1.14676
1.14682
1.14688
1.14694
1.147
1.14706
1.14712
1.14718
1.14724
1.1473
1.14736
1.14742
1.14748
1.14754
1.1476
1.14766
1.14772
1.14778
1.14784
1.1479
1.14796
1.14802
1.14808
1.14814
1.1482
1.14826
1.14832
1.14838
1.14844
1.1485
1.14856
1.14862
1.14868
1.14874
1.1488
1.14886
1.14892
1.14898
1.14904
1.1491
1.14916
1.14922
1.14928
1.14934
1.1494
1.14946
1.14952
1.14958
1.14964
1.1497
1.14976
1.14982
1.14988
1.14994
1.15
1.15006
1.15012
1.15018
1.15024
1.1503
1.15036
1.15042
1.15048
1.15054
1.1506
1.15066
1.15072
1.15078
1.15084
1.1509
1.15096
1.15102
1.15108
1.15114
1.1512
1.15126
1.15132
1.15138
1.15144
1.1515
1.15156
1.15162
1.15168
1.15174
1.1518
1.15186
1.15192
1.15198
1.15204
1.1521
1.15216
1.15222
1.15228
1.15234
1.1524
1.15246
1.15252
1.15258
1.15264
1.1527
1.15276
1.15282
1.15288
1.15294
1.153
1.15306
1.15312
1.15318
1.15324
1.1533
1.15336
1.15342
1.15348
1.15354
1.1536
1.15366
1.15372
1.15378
1.15384
1.1539
1.15396
1.15402
1.15408
1.15414
1.1542
1.15426
1.15432
1.15438
1.15444
1.1545
1.15456
1.15462
1.15468
1.15474
1.1548
1.15486
1.15492
1.15498
1.15504
1.1551
1.15516
1.15522
1.15528
1.15534
1.1554
1.15546
1.15552
1.15558
1.15564
1.1557
1.15576
1.15582
1.15588
1.15594
1.156
1.15606
1.15612
1.15618
1.15624
1.1563
1.15636
1.15642
1.15648
1.15654
1.1566
1.15666
1.15672
1.15678
1.15684
1.1569
1.15696
1.15702
1.15708
1.15714
1.1572
1.15726
1.15732
1.15738
1.15744
1.1575
1.15756
1.15762
1.15768
1.15774
1.1578
1.15786
1.15792
1.15798
1.15804
1.1581
1.15816
1.15822
1.15828
1.15834
1.1584
1.15846
1.15852
1.15858
1.15864
1.1587
1.15876
1.15882
1.15888
1.15894
1.159
1.15906
1.15912
1.15918
1.15924
1.1593
1.15936
1.15942
1.15948
1.15954
1.1596
1.15966
1.15972
1.15978
1.15984
1.1599
1.15996
1.16002
1.16008
1.16014
1.1602
1.16026
1.16032
1.16038
1.16044
1.1605
1.16056
1.16062
1.16068
1.16074
1.1608
1.16086
1.16092
1.16098
1.16104
1.1611
1.16116
1.16122
1.16128
1.16134
1.1614
1.16146
1.16152
1.16158
1.16164
1.1617
1.16176
1.16182
1.16188
1.16194
1.162
1.16206
1.16212
1.16218
1.16224
1.1623
1.16236
1.16242
1.16248
1.16254
1.1626
1.16266
1.16272
1.16278
1.16284
1.1629
1.16296
1.16302
1.16308
1.16314
1.1632
1.16326
1.16332
1.16338
1.16344
1.1635
1.16356
1.16362
1.16368
1.16374
1.1638
1.16386
1.16392
1.16398
1.16404
1.1641
1.16416
1.16422
1.16428
1.16434
1.1644
1.16446
1.16452
1.16458
1.16464
1.1647
1.16476
1.16482
1.16488
1.16494
1.165
1.16506
1.16512
1.16518
1.16524
1.1653
1.16536
1.16542
1.16548
1.16554
1.1656
1.16566
1.16572
1.16578
1.16584
1.1659
1.16596
1.16602
1.16608
1.16614
1.1662
1.16626
1.16632
1.16638
1.16644
1.1665
1.16656
1.16662
1.16668
1.16674
1.1668
1.16686
1.16692
1.16698
1.16704
1.1671
1.16716
1.16722
1.16728
1.16734
1.1674
1.16746
1.16752
1.16758
1.16764
1.1677
1.16776
1.16782
1.16788
1.16794
1.168
1.16806
1.16812
1.16818
1.16824
1.1683
1.16836
1.16842
1.16848
1.16854
1.1686
1.16866
1.16872
1.16878
1.16884
1.1689
1.16896
1.16902
1.16908
1.16914
1.1692
1.16926
1.16932
1.16938
1.16944
1.1695
1.16956
1.16962
1.16968
1.16974
1.1698
1.16986
1.16992
1.16998
1.17004
1.1701
1.17016
1.17022
1.17028
1.17034
1.1704
1.17046
1.17052
1.17058
1.17064
1.1707
1.17076
1.17082
1.17088
1.17094
1.171
1.17106
1.17112
1.17118
1.17124
1.1713
1.17136
1.17142
1.17148
1.17154
1.1716
1.17166
1.17172
1.17178
1.17184
1.1719
1.17196
1.17202
1.17208
1.17214
1.1722
1.17226
1.17232
1.17238
1.17244
1.1725
1.17256
1.17262
1.17268
1.17274
1.1728
1.17286
1.17292
1.17298
1.17304
1.1731
1.17316
1.17322
1.17328
1.17334
1.1734
1.17346
1.17352
1.17358
1.17364
1.1737
1.17376
1.17382
1.17388
1.17394
1.174
1.17406
1.17412
1.17418
1.17424
1.1743
1.17436
1.17442
1.17448
1.17454
1.1746
1.17466
1.17472
1.17478
1.17484
1.1749
1.17496
1.17502
1.17508
1.17514
1.1752
1.17526
1.17532
1.17538
1.17544
1.1755
1.17556
1.17562
1.17568
1.17574
1.1758
1.17586
1.17592
1.17598
1.17604
1.1761
1.17616
1.17622
1.17628
1.17634
1.1764
1.17646
1.17652
1.17658
1.17664
1.1767
1.17676
1.17682
1.17688
1.17694
1.177
1.17706
1.17712
1.17718
1.17724
1.1773
1.17736
1.17742
1.17748
1.17754
1.1776
1.17766
1.17772
1.17778
1.17784
1.1779
1.17796
1.17802
1.17808
1.17814
1.1782
1.17826
1.17832
1.17838
1.17844
1.1785
1.17856
1.17862
1.17868
1.17874
1.1788
1.17886
1.17892
1.17898
1.17904
1.1791
1.17916
1.17922
1.17928
1.17934
1.1794
1.17946
1.17952
1.17958
1.17964
1.1797
1.17976
1.17982
1.17988
1.17994
1.18
1.18006
1.18012
1.18018
1.18024
1.1803
1.18036
1.18042
1.18048
1.18054
1.1806
1.18066
1.18072
1.18078
1.18084
1.1809
1.18096
1.18102
1.18108
1.18114
1.1812
1.18126
1.18132
1.18138
1.18144
1.1815
1.18156
1.18162
1.18168
1.18174
1.1818
1.18186
1.18192
1.18198
1.18204
1.1821
1.18216
1.18222
1.18228
1.18234
1.1824
1.18246
1.18252
1.18258
1.18264
1.1827
1.18276
1.18282
1.18288
1.18294
1.183
1.18306
1.18312
1.18318
1.18324
1.1833
1.18336
1.18342
1.18348
1.18354
1.1836
1.18366
1.18372
1.18378
1.18384
1.1839
1.18396
1.18402
1.18408
1.18414
1.1842
1.18426
1.18432
1.18438
1.18444
1.1845
1.18456
1.18462
1.18468
1.18474
1.1848
1.18486
1.18492
1.18498
1.18504
1.1851
1.18516
1.18522
1.18528
1.18534
1.1854
1.18546
1.18552
1.18558
1.18564
1.1857
1.18576
1.18582
1.18588
1.18594
1.186
1.18606
1.18612
1.18618
1.18624
1.1863
1.18636
1.18642
1.18648
1.18654
1.1866
1.18666
1.18672
1.18678
1.18684
1.1869
1.18696
1.18702
1.18708
1.18714
1.1872
1.18726
1.18732
1.18738
1.18744
1.1875
1.18756
1.18762
1.18768
1.18774
1.1878
1.18786
1.18792
1.18798
1.18804
1.1881
1.18816
1.18822
1.18828
1.18834
1.1884
1.18846
1.18852
1.18858
1.18864
1.1887
1.18876
1.18882
1.18888
1.18894
1.189
1.18906
1.18912
1.18918
1.18924
1.1893
1.18936
1.18942
1.18948
1.18954
1.1896
1.18966
1.18972
1.18978
1.18984
1.1899
1.18996
1.19002
1.19008
1.19014
1.1902
1.19026
1.19032
1.19038
1.19044
1.1905
1.19056
1.19062
1.19068
1.19074
1.1908
1.19086
1.19092
1.19098
1.19104
1.1911
1.19116
1.19122
1.19128
1.19134
1.1914
1.19146
1.19152
1.19158
1.19164
1.1917
1.19176
1.19182
1.19188
1.19194
1.192
1.19206
1.19212
1.19218
1.19224
1.1923
1.19236
1.19242
1.19248
1.19254
1.1926
1.19266
1.19272
1.19278
1.19284
1.1929
1.19296
1.19302
1.19308
1.19314
1.1932
1.19326
1.19332
1.19338
1.19344
1.1935
1.19356
1.19362
1.19368
1.19374
1.1938
1.19386
1.19392
1.19398
1.19404
1.1941
1.19416
1.19422
1.19428
1.19434
1.1944
1.19446
1.19452
1.19458
1.19464
1.1947
1.19476
1.19482
1.19488
1.19494
1.195
1.19506
1.19512
1.19518
1.19524
1.1953
1.19536
1.19542
1.19548
1.19554
1.1956
1.19566
1.19572
1.19578
1.19584
1.1959
1.19596
1.19602
1.19608
1.19614
1.1962
1.19626
1.19632
1.19638
1.19644
1.1965
1.19656
1.19662
1.19668
1.19674
1.1968
1.19686
1.19692
1.19698
1.19704
1.1971
1.19716
1.19722
1.19728
1.19734
1.1974
1.19746
1.19752
1.19758
1.19764
1.1977
1.19776
1.19782
1.19788
1.19794
1.198
1.19806
1.19812
1.19818
1.19824
1.1983
1.19836
1.19842
1.19848
1.19854
1.1986
1.19866
1.19872
1.19878
1.19884
1.1989
1.19896
1.19902
1.19908
1.19914
1.1992
1.19926
1.19932
1.19938
1.19944
1.1995
1.19956
1.19962
1.19968
1.19974
1.1998
1.19986
1.19992
1.19998
1.20004
1.2001
1.20016
1.20022
1.20028
1.20034
1.2004
1.20046
1.20052
1.20058
1.20064
1.2007
1.20076
1.20082
1.20088
1.20094
1.201
1.20106
1.20112
1.20118
1.20124
1.2013
1.20136
1.20142
1.20148
1.20154
1.2016
1.20166
1.20172
1.20178
1.20184
1.2019
1.20196
1.20202
1.20208
1.20214
1.2022
1.20226
1.20232
1.20238
1.20244
1.2025
1.20256
1.20262
1.20268
1.20274
1.2028
1.20286
1.20292
1.20298
1.20304
1.2031
1.20316
1.20322
1.20328
1.20334
1.2034
1.20346
1.20352
1.20358
1.20364
1.2037
1.20376
1.20382
1.20388
1.20394
1.204
1.20406
1.20412
1.20418
1.20424
1.2043
1.20436
1.20442
1.20448
1.20454
1.2046
1.20466
1.20472
1.20478
1.20484
1.2049
1.20496
1.20502
1.20508
1.20514
1.2052
1.20526
1.20532
1.20538
1.20544
1.2055
1.20556
1.20562
1.20568
1.20574
1.2058
1.20586
1.20592
1.20598
1.20604
1.2061
1.20616
1.20622
1.20628
1.20634
1.2064
1.20646
1.20652
1.20658
1.20664
1.2067
1.20676
1.20682
1.20688
1.20694
1.207
1.20706
1.20712
1.20718
1.20724
1.2073
1.20736
1.20742
1.20748
1.20754
1.2076
1.20766
1.20772
1.20778
1.20784
1.2079
1.20796
1.20802
1.20808
1.20814
1.2082
1.20826
1.20832
1.20838
1.20844
1.2085
1.20856
1.20862
1.20868
1.20874
1.2088
1.20886
1.20892
1.20898
1.20904
1.2091
1.20916
1.20922
1.20928
1.20934
1.2094
1.20946
1.20952
1.20958
1.20964
1.2097
1.20976
1.20982
1.20988
1.20994
1.21
1.21006
1.21012
1.21018
1.21024
1.2103
1.21036
1.21042
1.21048
1.21054
1.2106
1.21066
1.21072
1.21078
1.21084
1.2109
1.21096
1.21102
1.21108
1.21114
1.2112
1.21126
1.21132
1.21138
1.21144
1.2115
1.21156
1.21162
1.21168
1.21174
1.2118
1.21186
1.21192
1.21198
1.21204
1.2121
1.21216
1.21222
1.21228
1.21234
1.2124
1.21246
1.21252
1.21258
1.21264
1.2127
1.21276
1.21282
1.21288
1.21294
1.213
1.21306
1.21312
1.21318
1.21324
1.2133
1.21336
1.21342
1.21348
1.21354
1.2136
1.21366
1.21372
1.21378
1.21384
1.2139
1.21396
1.21402
1.21408
1.21414
1.2142
1.21426
1.21432
1.21438
1.21444
1.2145
1.21456
1.21462
1.21468
1.21474
1.2148
1.21486
1.21492
1.21498
1.21504
1.2151
1.21516
1.21522
1.21528
1.21534
1.2154
1.21546
1.21552
1.21558
1.21564
1.2157
1.21576
1.21582
1.21588
1.21594
1.216
1.21606
1.21612
1.21618
1.21624
1.2163
1.21636
1.21642
1.21648
1.21654
1.2166
1.21666
1.21672
1.21678
1.21684
1.2169
1.21696
1.21702
1.21708
1.21714
1.2172
1.21726
1.21732
1.21738
1.21744
1.2175
1.21756
1.21762
1.21768
1.21774
1.2178
1.21786
1.21792
1.21798
1.21804
1.2181
1.21816
1.21822
1.21828
1.21834
1.2184
1.21846
1.21852
1.21858
1.21864
1.2187
1.21876
1.21882
1.21888
1.21894
1.219
1.21906
1.21912
1.21918
1.21924
1.2193
1.21936
1.21942
1.21948
1.21954
1.2196
1.21966
1.21972
1.21978
1.21984
1.2199
1.21996
1.22002
1.22008
1.22014
1.2202
1.22026
1.22032
1.22038
1.22044
1.2205
1.22056
1.22062
1.22068
1.22074
1.2208
1.22086
1.22092
1.22098
1.22104
1.2211
1.22116
1.22122
1.22128
1.22134
1.2214
1.22146
1.22152
1.22158
1.22164
1.2217
1.22176
1.22182
1.22188
1.22194
1.222
1.22206
1.22212
1.22218
1.22224
1.2223
1.22236
1.22242
1.22248
1.22254
1.2226
1.22266
1.22272
1.22278
1.22284
1.2229
1.22296
1.22302
1.22308
1.22314
1.2232
1.22326
1.22332
1.22338
1.22344
1.2235
1.22356
1.22362
1.22368
1.22374
1.2238
1.22386
1.22392
1.22398
1.22404
1.2241
1.22416
1.22422
1.22428
1.22434
1.2244
1.22446
1.22452
1.22458
1.22464
1.2247
1.22476
1.22482
1.22488
1.22494
1.225
1.22506
1.22512
1.22518
1.22524
1.2253
1.22536
1.22542
1.22548
1.22554
1.2256
1.22566
1.22572
1.22578
1.22584
1.2259
1.22596
1.22602
1.22608
1.22614
1.2262
1.22626
1.22632
1.22638
1.22644
1.2265
1.22656
1.22662
1.22668
1.22674
1.2268
1.22686
1.22692
1.22698
1.22704
1.2271
1.22716
1.22722
1.22728
1.22734
1.2274
1.22746
1.22752
1.22758
1.22764
1.2277
1.22776
1.22782
1.22788
1.22794
1.228
1.22806
1.22812
1.22818
1.22824
1.2283
1.22836
1.22842
1.22848
1.22854
1.2286
1.22866
1.22872
1.22878
1.22884
1.2289
1.22896
1.22902
1.22908
1.22914
1.2292
1.22926
1.22932
1.22938
1.22944
1.2295
1.22956
1.22962
1.22968
1.22974
1.2298
1.22986
1.22992
1.22998
1.23004
1.2301
1.23016
1.23022
1.23028
1.23034
1.2304
1.23046
1.23052
1.23058
1.23064
1.2307
1.23076
1.23082
1.23088
1.23094
1.231
1.23106
1.23112
1.23118
1.23124
1.2313
1.23136
1.23142
1.23148
1.23154
1.2316
1.23166
1.23172
1.23178
1.23184
1.2319
1.23196
1.23202
1.23208
1.23214
1.2322
1.23226
1.23232
1.23238
1.23244
1.2325
1.23256
1.23262
1.23268
1.23274
1.2328
1.23286
1.23292
1.23298
1.23304
1.2331
1.23316
1.23322
1.23328
1.23334
1.2334
1.23346
1.23352
1.23358
1.23364
1.2337
1.23376
1.23382
1.23388
1.23394
1.234
1.23406
1.23412
1.23418
1.23424
1.2343
1.23436
1.23442
1.23448
1.23454
1.2346
1.23466
1.23472
1.23478
1.23484
1.2349
1.23496
1.23502
1.23508
1.23514
1.2352
1.23526
1.23532
1.23538
1.23544
1.2355
1.23556
1.23562
1.23568
1.23574
1.2358
1.23586
1.23592
1.23598
1.23604
1.2361
1.23616
1.23622
1.23628
1.23634
1.2364
1.23646
1.23652
1.23658
1.23664
1.2367
1.23676
1.23682
1.23688
1.23694
1.237
1.23706
1.23712
1.23718
1.23724
1.2373
1.23736
1.23742
1.23748
1.23754
1.2376
1.23766
1.23772
1.23778
1.23784
1.2379
1.23796
1.23802
1.23808
1.23814
1.2382
1.23826
1.23832
1.23838
1.23844
1.2385
1.23856
1.23862
1.23868
1.23874
1.2388
1.23886
1.23892
1.23898
1.23904
1.2391
1.23916
1.23922
1.23928
1.23934
1.2394
1.23946
1.23952
1.23958
1.23964
1.2397
1.23976
1.23982
1.23988
1.23994
1.24
1.24006
1.24012
1.24018
1.24024
1.2403
1.24036
1.24042
1.24048
1.24054
1.2406
1.24066
1.24072
1.24078
1.24084
1.2409
1.24096
1.24102
1.24108
1.24114
1.2412
1.24126
1.24132
1.24138
1.24144
1.2415
1.24156
1.24162
1.24168
1.24174
1.2418
1.24186
1.24192
1.24198
1.24204
1.2421
1.24216
1.24222
1.24228
1.24234
1.2424
1.24246
1.24252
1.24258
1.24264
1.2427
1.24276
1.24282
1.24288
1.24294
1.243
1.24306
1.24312
1.24318
1.24324
1.2433
1.24336
1.24342
1.24348
1.24354
1.2436
1.24366
1.24372
1.24378
1.24384
1.2439
1.24396
1.24402
1.24408
1.24414
1.2442
1.24426
1.24432
1.24438
1.24444
1.2445
1.24456
1.24462
1.24468
1.24474
1.2448
1.24486
1.24492
1.24498
1.24504
1.2451
1.24516
1.24522
1.24528
1.24534
1.2454
1.24546
1.24552
1.24558
1.24564
1.2457
1.24576
1.24582
1.24588
1.24594
1.246
1.24606
1.24612
1.24618
1.24624
1.2463
1.24636
1.24642
1.24648
1.24654
1.2466
1.24666
1.24672
1.24678
1.24684
1.2469
1.24696
1.24702
1.24708
1.24714
1.2472
1.24726
1.24732
1.24738
1.24744
1.2475
1.24756
1.24762
1.24768
1.24774
1.2478
1.24786
1.24792
1.24798
1.24804
1.2481
1.24816
1.24822
1.24828
1.24834
1.2484
1.24846
1.24852
1.24858
1.24864
1.2487
1.24876
1.24882
1.24888
1.24894
1.249
1.24906
1.24912
1.24918
1.24924
1.2493
1.24936
1.24942
1.24948
1.24954
1.2496
1.24966
1.24972
1.24978
1.24984
1.2499
1.24996
1.25002
1.25008
1.25014
1.2502
1.25026
1.25032
1.25038
1.25044
1.2505
1.25056
1.25062
1.25068
1.25074
1.2508
1.25086
1.25092
1.25098
1.25104
1.2511
1.25116
1.25122
1.25128
1.25134
1.2514
1.25146
1.25152
1.25158
1.25164
1.2517
1.25176
1.25182
1.25188
1.25194
1.252
1.25206
1.25212
1.25218
1.25224
1.2523
1.25236
1.25242
1.25248
1.25254
1.2526
1.25266
1.25272
1.25278
1.25284
1.2529
1.25296
1.25302
1.25308
1.25314
1.2532
1.25326
1.25332
1.25338
1.25344
1.2535
1.25356
1.25362
1.25368
1.25374
1.2538
1.25386
1.25392
1.25398
1.25404
1.2541
1.25416
1.25422
1.25428
1.25434
1.2544
1.25446
1.25452
1.25458
1.25464
1.2547
1.25476
1.25482
1.25488
1.25494
1.255
1.25506
1.25512
1.25518
1.25524
1.2553
1.25536
1.25542
1.25548
1.25554
1.2556
1.25566
1.25572
1.25578
1.25584
1.2559
1.25596
1.25602
1.25608
1.25614
1.2562
1.25626
1.25632
1.25638
1.25644
1.2565
1.25656
1.25662
1.25668
1.25674
1.2568
1.25686
1.25692
1.25698
1.25704
1.2571
1.25716
1.25722
1.25728
1.25734
1.2574
1.25746
1.25752
1.25758
1.25764
1.2577
1.25776
1.25782
1.25788
1.25794
1.258
1.25806
1.25812
1.25818
1.25824
1.2583
1.25836
1.25842
1.25848
1.25854
1.2586
1.25866
1.25872
1.25878
1.25884
1.2589
1.25896
1.25902
1.25908
1.25914
1.2592
1.25926
1.25932
1.25938
1.25944
1.2595
1.25956
1.25962
1.25968
1.25974
1.2598
1.25986
1.25992
1.25998
1.26004
1.2601
1.26016
1.26022
1.26028
1.26034
1.2604
1.26046
1.26052
1.26058
1.26064
1.2607
1.26076
1.26082
1.26088
1.26094
1.261
1.26106
1.26112
1.26118
1.26124
1.2613
1.26136
1.26142
1.26148
1.26154
1.2616
1.26166
1.26172
1.26178
1.26184
1.2619
1.26196
1.26202
1.26208
1.26214
1.2622
1.26226
1.26232
1.26238
1.26244
1.2625
1.26256
1.26262
1.26268
1.26274
1.2628
1.26286
1.26292
1.26298
1.26304
1.2631
1.26316
1.26322
1.26328
1.26334
1.2634
1.26346
1.26352
1.26358
1.26364
1.2637
1.26376
1.26382
1.26388
1.26394
1.264
1.26406
1.26412
1.26418
1.26424
1.2643
1.26436
1.26442
1.26448
1.26454
1.2646
1.26466
1.26472
1.26478
1.26484
1.2649
1.26496
1.26502
1.26508
1.26514
1.2652
1.26526
1.26532
1.26538
1.26544
1.2655
1.26556
1.26562
1.26568
1.26574
1.2658
1.26586
1.26592
1.26598
1.26604
1.2661
1.26616
1.26622
1.26628
1.26634
1.2664
1.26646
1.26652
1.26658
1.26664
1.2667
1.26676
1.26682
1.26688
1.26694
1.267
1.26706
1.26712
1.26718
1.26724
1.2673
1.26736
1.26742
1.26748
1.26754
1.2676
1.26766
1.26772
1.26778
1.26784
1.2679
1.26796
1.26802
1.26808
1.26814
1.2682
1.26826
1.26832
1.26838
1.26844
1.2685
1.26856
1.26862
1.26868
1.26874
1.2688
1.26886
1.26892
1.26898
1.26904
1.2691
1.26916
1.26922
1.26928
1.26934
1.2694
1.26946
1.26952
1.26958
1.26964
1.2697
1.26976
1.26982
1.26988
1.26994
1.27
1.27006
1.27012
1.27018
1.27024
1.2703
1.27036
1.27042
1.27048
1.27054
1.2706
1.27066
1.27072
1.27078
1.27084
1.2709
1.27096
1.27102
1.27108
1.27114
1.2712
1.27126
1.27132
1.27138
1.27144
1.2715
1.27156
1.27162
1.27168
1.27174
1.2718
1.27186
1.27192
1.27198
1.27204
1.2721
1.27216
1.27222
1.27228
1.27234
1.2724
1.27246
1.27252
1.27258
1.27264
1.2727
1.27276
1.27282
1.27288
1.27294
1.273
1.27306
1.27312
1.27318
1.27324
1.2733
1.27336
1.27342
1.27348
1.27354
1.2736
1.27366
1.27372
1.27378
1.27384
1.2739
1.27396
1.27402
1.27408
1.27414
1.2742
1.27426
1.27432
1.27438
1.27444
1.2745
1.27456
1.27462
1.27468
1.27474
1.2748
1.27486
1.27492
1.27498
1.27504
1.2751
1.27516
1.27522
1.27528
1.27534
1.2754
1.27546
1.27552
1.27558
1.27564
1.2757
1.27576
1.27582
1.27588
1.27594
1.276
1.27606
1.27612
1.27618
1.27624
1.2763
1.27636
1.27642
1.27648
1.27654
1.2766
1.27666
1.27672
1.27678
1.27684
1.2769
1.27696
1.27702
1.27708
1.27714
1.2772
1.27726
1.27732
1.27738
1.27744
1.2775
1.27756
1.27762
1.27768
1.27774
1.2778
1.27786
1.27792
1.27798
1.27804
1.2781
1.27816
1.27822
1.27828
1.27834
1.2784
1.27846
1.27852
1.27858
1.27864
1.2787
1.27876
1.27882
1.27888
1.27894
1.279
1.27906
1.27912
1.27918
1.27924
1.2793
1.27936
1.27942
1.27948
1.27954
1.2796
1.27966
1.27972
1.27978
1.27984
1.2799
1.27996
1.28002
1.28008
1.28014
1.2802
1.28026
1.28032
1.28038
1.28044
1.2805
1.28056
1.28062
1.28068
1.28074
1.2808
1.28086
1.28092
1.28098
1.28104
1.2811
1.28116
1.28122
1.28128
1.28134
1.2814
1.28146
1.28152
1.28158
1.28164
1.2817
1.28176
1.28182
1.28188
1.28194
1.282
1.28206
1.28212
1.28218
1.28224
1.2823
1.28236
1.28242
1.28248
1.28254
1.2826
1.28266
1.28272
1.28278
1.28284
1.2829
1.28296
1.28302
1.28308
1.28314
1.2832
1.28326
1.28332
1.28338
1.28344
1.2835
1.28356
1.28362
1.28368
1.28374
1.2838
1.28386
1.28392
1.28398
1.28404
1.2841
1.28416
1.28422
1.28428
1.28434
1.2844
1.28446
1.28452
1.28458
1.28464
1.2847
1.28476
1.28482
1.28488
1.28494
1.285
1.28506
1.28512
1.28518
1.28524
1.2853
1.28536
1.28542
1.28548
1.28554
1.2856
1.28566
1.28572
1.28578
1.28584
1.2859
1.28596
1.28602
1.28608
1.28614
1.2862
1.28626
1.28632
1.28638
1.28644
1.2865
1.28656
1.28662
1.28668
1.28674
1.2868
1.28686
1.28692
1.28698
1.28704
1.2871
1.28716
1.28722
1.28728
1.28734
1.2874
1.28746
1.28752
1.28758
1.28764
1.2877
1.28776
1.28782
1.28788
1.28794
1.288
1.28806
1.28812
1.28818
1.28824
1.2883
1.28836
1.28842
1.28848
1.28854
1.2886
1.28866
1.28872
1.28878
1.28884
1.2889
1.28896
1.28902
1.28908
1.28914
1.2892
1.28926
1.28932
1.28938
1.28944
1.2895
1.28956
1.28962
1.28968
1.28974
1.2898
1.28986
1.28992
1.28998
1.29004
1.2901
1.29016
1.29022
1.29028
1.29034
1.2904
1.29046
1.29052
1.29058
1.29064
1.2907
1.29076
1.29082
1.29088
1.29094
1.291
1.29106
1.29112
1.29118
1.29124
1.2913
1.29136
1.29142
1.29148
1.29154
1.2916
1.29166
1.29172
1.29178
1.29184
1.2919
1.29196
1.29202
1.29208
1.29214
1.2922
1.29226
1.29232
1.29238
1.29244
1.2925
1.29256
1.29262
1.29268
1.29274
1.2928
1.29286
1.29292
1.29298
1.29304
1.2931
1.29316
1.29322
1.29328
1.29334
1.2934
1.29346
1.29352
1.29358
1.29364
1.2937
1.29376
1.29382
1.29388
1.29394
1.294
1.29406
1.29412
1.29418
1.29424
1.2943
1.29436
1.29442
1.29448
1.29454
1.2946
1.29466
1.29472
1.29478
1.29484
1.2949
1.29496
1.29502
1.29508
1.29514
1.2952
1.29526
1.29532
1.29538
1.29544
1.2955
1.29556
1.29562
1.29568
1.29574
1.2958
1.29586
1.29592
1.29598
1.29604
1.2961
1.29616
1.29622
1.29628
1.29634
1.2964
1.29646
1.29652
1.29658
1.29664
1.2967
1.29676
1.29682
1.29688
1.29694
1.297
1.29706
1.29712
1.29718
1.29724
1.2973
1.29736
1.29742
1.29748
1.29754
1.2976
1.29766
1.29772
1.29778
1.29784
1.2979
1.29796
1.29802
1.29808
1.29814
1.2982
1.29826
1.29832
1.29838
1.29844
1.2985
1.29856
1.29862
1.29868
1.29874
1.2988
1.29886
1.29892
1.29898
1.29904
1.2991
1.29916
1.29922
1.29928
1.29934
1.2994
1.29946
1.29952
1.29958
1.29964
1.2997
1.29976
1.29982
1.29988
1.29994
1.3
